x,y,ivar
3600.0,7.568462234921753,0.06996380319122864
3601.489219826628,10.840752349094595,0.06454858853243235
3602.9784396532564,9.631294053432194,0.06665983427141606
3604.4676594798843,11.035909206885405,0.06768175894447004
3605.9568793065127,10.934324049322056,0.06942661911630711
3607.4460991331407,6.532055349709593,0.07659835534689949
3608.9353189597687,4.56255164383811,0.08159556753094767
3610.424538786397,7.410334003171525,0.08128051480007453
3611.913758613025,6.059183942497947,0.08927446419896118
3613.4029784396535,0.1425189769539007,0.11140867032360574
3614.8921982662814,16.134207276486613,0.08398490885682125
3616.3814180929094,7.486209479571762,0.08808957037236102
3617.870637919538,1.4446815862032425,0.09060055363459292
3619.3598577461657,9.398050774801781,0.09128114501821419
3620.849077572794,4.040710963940075,0.10182126661180907
3622.338297399422,9.677005327913987,0.08650231186107346
3623.82751722605,10.669387166711893,0.08673320192646192
3625.3167370526785,15.664661157224439,0.08543804972817477
3626.8059568793064,5.872122262234969,0.10821551733942435
3628.295176705935,7.334468906857145,0.10477659933073905
3629.784396532563,5.550092406546326,0.10281169156988033
3631.273616359191,11.329056348846198,0.09517621299015952
3632.762836185819,7.565492314370649,0.10516773427191019
3634.252056012447,4.12984085537999,0.11548265760871546
3635.7412758390756,5.350508942208719,0.11295939096997311
3637.2304956657035,6.415560830975489,0.10728036341274927
3638.7197154923315,6.409607466734455,0.11114847225069444
3640.20893531896,6.795718876824801,0.12327432880578237
3641.698155145588,10.084651815041958,0.11347560061787489
3643.1873749722163,7.524290154712061,0.11736367170239576
3644.6765947988442,7.001425580631826,0.12140665639066645
3646.165814625472,8.4061837844883,0.11515686828676741
3647.6550344521006,6.576679260080632,0.12379553174788357
3649.1442542787286,10.075512977421507,0.12115416650114347
3650.6334741053565,6.789939408126928,0.13352469057691563
3652.122693931985,5.130361671176075,0.1499226064554254
3653.611913758613,9.25912338494233,0.1412522101284089
3655.1011335852413,2.596707568703174,0.1680306676032804
3656.5903534118693,8.725734775304339,0.15260645256853347
3658.0795732384972,6.109840332972392,0.15447573693195663
3659.5687930651256,9.55221797688974,0.13609927406109903
3661.0580128917536,8.694680558730704,0.14937357011369848
3662.547232718382,4.633661638867839,0.16359882560218547
3664.03645254501,8.369947144774612,0.15257974665321933
3665.525672371638,7.334474812975783,0.1714474225275181
3667.0148921982664,11.056760632334214,0.16171884233079187
3668.5041120248943,6.829018131570466,0.18701808366138695
3669.9933318515227,7.220383232958969,0.18908283001848272
3671.4825516781507,7.526887617769094,0.20139395863261844
3672.9717715047786,7.1813378526595715,0.2079657263490277
3674.460991331407,8.356805472052153,0.18686660656240936
3675.950211158035,6.830902624205419,0.2109131665017771
3677.4394309846634,8.868617875874122,0.20471709964365772
3678.9286508112914,8.54767249023832,0.19679944846544323
3680.4178706379193,5.375672493067205,0.2172466263003432
3681.9070904645478,12.10883602336386,0.17197310909886818
3683.3963102911757,7.448341067918247,0.1832223814694085
3684.885530117804,4.643517921839303,0.21514974647357532
3686.374749944432,11.66020418602439,0.20072481706275774
3687.86396977106,10.334748441225212,0.21401368042430727
3689.3531895976885,11.38568498157228,0.20214826692101917
3690.8424094243164,8.543268925059177,0.22380262914121798
3692.331629250945,9.094422853463156,0.2177059395406421
3693.820849077573,7.484937284804797,0.2542121394851563
3695.3100689042008,6.176080426689197,0.27060252877062785
3696.799288730829,5.944590045014986,0.2874605361428698
3698.288508557457,7.108080085182937,0.2565890110847959
3699.7777283840855,8.20759440493886,0.23382290444120757
3701.2669482107135,7.897589749139473,0.2255904191698159
3702.7561680373415,7.491631568269677,0.22326756398290032
3704.24538786397,10.136428088551899,0.22188458625384558
3705.734607690598,9.193640199689023,0.2434304562189193
3707.2238275172263,9.862134361624907,0.2487516998564187
3708.713047343854,8.62536378060511,0.2628460831373782
3710.202267170482,7.715386987117232,0.27867562486872133
3711.6914869971106,9.99998589590242,0.2669230120221832
3713.1807068237385,8.473115526884344,0.28186977088234483
3714.669926650367,10.219567056100205,0.27925203873117543
3716.159146476995,11.347934212691822,0.2748849705640976
3717.648366303623,9.62312378843939,0.2914291590632264
3719.1375861302513,9.177130502100338,0.3029174616448002
3720.6268059568793,10.564098118653357,0.292394302994271
3722.116025783507,9.727889235584387,0.3126267566970321
3723.6052456101356,9.191132664711457,0.32295948942940517
3725.0944654367636,9.718745591832967,0.3297517681983549
3726.583685263392,7.258158976129284,0.3382455099088615
3728.07290509002,12.363344012549632,0.28533870032205494
3729.562124916648,8.57459655893264,0.0
3731.0513447432763,10.440090974489864,0.0
3732.5405645699043,11.01055353871522,0.0
3734.0297843965327,7.935460966124325,0.0
3735.5190042231607,10.757007508783225,0.0
3737.0082240497886,11.098486788821875,0.0
3738.497443876417,11.757737614145686,0.0
3739.986663703045,11.17900951126225,0.0
3741.4758835296734,9.922136027173522,0.0
3742.9651033563014,12.124833720027205,0.0
3744.4543231829293,9.807278129224654,0.0
3745.9435430095577,14.040057831061167,0.0
3747.4327628361857,8.255522583416218,0.0
3748.921982662814,7.785453275169794,0.0
3750.411202489442,9.242342735513331,0.0
3751.90042231607,9.103748758605693,0.0
3753.3896421426984,9.100809446184893,0.0
3754.8788619693264,10.288335348724132,0.0
3756.368081795955,7.4989556319957185,0.3374307828992311
3757.857301622583,10.360147507784415,0.3308152582469214
3759.3465214492107,8.64175436557245,0.3494284109507783
3760.835741275839,9.8694780422598,0.34056555439575686
3762.324961102467,8.611042866860283,0.3673284005848093
3763.8141809290955,12.762189141146493,0.32764663482656614
3765.3034007557235,9.087049149011552,0.3558330334093543
3766.7926205823514,8.825645052132776,0.37931188381114916
3768.28184040898,8.526877579440502,0.40986599766914833
3769.771060235608,9.350122966638136,0.39514972879369276
3771.2602800622362,7.965399274825042,0.4087841063724337
3772.749499888864,8.129741951831802,0.3864803442152914
3774.238719715492,11.872344213798101,0.3413077864433891
3775.7279395421206,9.32799172281431,0.3896100266599905
3777.2171593687485,8.480859471654693,0.4260969626502738
3778.706379195377,10.076629141073466,0.3962617439604576
3780.195599022005,8.36314254454713,0.43685775758801687
3781.684818848633,7.959855136256828,0.46560683000428393
3783.1740386752613,7.158481909499692,0.4764309347241442
3784.6632585018892,9.681899384009833,0.444547423517428
3786.1524783285176,6.968618096489309,0.4628461811994033
3787.6416981551456,9.90299802067609,0.4543663107403557
3789.1309179817736,9.279943255969156,0.4570611898040799
3790.620137808402,6.661459912268436,0.4905720432415441
3792.10935763503,10.54817606416565,0.41366269243797416
3793.5985774616584,10.375914031126305,0.4152526768410206
3795.0877972882863,7.7040662211991755,0.4579391922592566
3796.5770171149143,6.90293175673871,0.5006668110575383
3798.0662369415427,8.9698653996865,0.5176428755424539
3799.5554567681706,5.684786713551658,0.5884724762955973
3801.044676594799,8.447472104344032,0.5185825823097298
3802.533896421427,6.6630207519343685,0.5638489314135393
3804.023116248055,7.113926913877802,0.5835867459477675
3805.5123360746834,7.747666158436957,0.5986940028839796
3807.0015559013113,9.04027088277585,0.5507486481388555
3808.4907757279398,7.800352773924188,0.5872791156512023
3809.9799955545677,10.919923691295942,0.46282678817631034
3811.4692153811957,8.567138415702964,0.5559334960331794
3812.958435207824,6.814886708075924,0.5816800986199523
3814.447655034452,8.472058606835533,0.5329972691079142
3815.9368748610805,7.4859796180681695,0.5733705173000031
3817.4260946877084,8.630132410543894,0.5620404494126647
3818.9153145143364,7.83808488911405,0.5883895134411362
3820.404534340965,7.499282604845563,0.6164062416753116
3821.8937541675928,7.860106997428949,0.6067563818749977
3823.382973994221,8.107185520152264,0.5890564020283505
3824.872193820849,8.123229372613427,0.5852648052634154
3826.361413647477,7.3440103002980734,0.6288493999491331
3827.8506334741055,8.108751011031615,0.603674487619436
3829.3398533007335,9.352307856367318,0.528368423794217
3830.8290731273614,4.116942745675167,0.6099890856860991
3832.31829295399,5.763896606125878,0.579425782269383
3833.807512780618,7.1584052574948815,0.561575987386276
3835.296732607246,5.678966503027423,0.6497742648185085
3836.785952433874,6.400564753926435,0.6334402064987849
3838.275172260502,7.388565814133683,0.6314584261857527
3839.7643920871305,5.392501051936601,0.7026247910356728
3841.2536119137585,7.810722499613438,0.5979990608579293
3842.742831740387,7.05104035410497,0.6482694354064281
3844.232051567015,8.204269456515032,0.6284575610364499
3845.721271393643,5.580255766806637,0.6692532776810673
3847.2104912202713,9.346431916536536,0.5049520165643497
3848.699711046899,5.254305946908894,0.6071661065820064
3850.1889308735276,8.10193785028136,0.6813271730173343
3851.6781507001556,6.290219145666576,0.739217689115668
3853.1673705267835,7.351253788944152,0.746671268456699
3854.656590353412,7.418323518198759,0.7327698432679489
3856.14581018004,6.675774621516455,0.7702623231843436
3857.6350300066683,6.427579794795544,0.7992920359628123
3859.1242498332963,6.512694501317209,0.841425353485017
3860.6134696599242,7.075381415639356,0.8322138394034867
3862.1026894865527,5.727407699780623,0.8819742695908575
3863.5919093131806,8.328208041007763,0.764677761948835
3865.081129139809,9.100818047816885,0.6959509733146839
3866.570348966437,7.9413923002357825,0.758450667962076
3868.059568793065,5.826742388692411,0.8458834437015752
3869.5487886196934,7.280746501674401,0.8327965184857498
3871.0380084463213,6.118838240891083,0.9145388728472917
3872.5272282729493,5.330427519643035,1.0166837707027672
3874.0164480995777,5.745878646003641,0.9927787033397291
3875.5056679262057,5.687572349121989,0.9702994586431376
3876.994887752834,6.26655527810068,0.9248745257649171
3878.484107579462,6.39829545762307,0.9454742428078262
3879.97332740609,6.46542311187738,0.9528547524851619
3881.4625472327184,5.608190266385974,0.9577865253165749
3882.9517670593464,6.998799600755069,0.9418943129644487
3884.440986885975,7.314409295334059,0.9823820547088994
3885.9302067126027,6.0626102124160015,1.0824228224847554
3887.4194265392307,6.322796996795166,1.0208953757260908
3888.908646365859,6.543993953667993,1.0460267619975874
3890.397866192487,5.130391704597605,1.1680427831646802
3891.8870860191155,5.635128406103792,1.0849953211363212
3893.3763058457434,7.290089472476577,0.9590906865610132
3894.8655256723714,6.637302450176972,0.9300082379804491
3896.354745499,7.0248113697655326,0.998908636299515
3897.843965325628,7.364496959739199,0.971719639637452
3899.333185152256,6.354268317929158,1.013753290289041
3900.822404978884,7.260615785361057,0.9775983004791955
3902.311624805512,7.623044973425299,0.9652269254734569
3903.8008446321405,5.92187759529386,0.9914532711877577
3905.2900644587685,8.06754678320669,0.912865381075928
3906.779284285397,5.650015649741077,0.9392778470819363
3908.268504112025,6.497535532923439,0.8934173106113289
3909.757723938653,7.130951225260532,0.8697331431509069
3911.2469437652812,7.448089727400864,0.8675153134019922
3912.736163591909,5.5499027675075165,0.9643413452296311
3914.2253834185376,6.129415484839716,0.9244596681688464
3915.7146032451656,5.343756127609646,0.9972533771554678
3917.2038230717935,6.34781035360048,1.0291258286738132
3918.693042898422,7.798352197307676,0.9381397752915358
3920.18226272505,6.28604488004631,0.9852782970460089
3921.6714825516783,7.523934976489002,0.9478775983599667
3923.1607023783063,7.630725996065113,0.9903897559984677
3924.6499222049342,6.570772139431284,1.200549806876012
3926.1391420315626,6.3656710198040205,1.1679644233616353
3927.6283618581906,6.490261790335067,1.171563233364687
3929.117581684819,7.850197631166464,1.094330033668065
3930.606801511447,8.030639309327919,1.0967093555880232
3932.096021338075,7.3293928841540765,1.105163801974758
3933.5852411647033,5.869907364226314,1.2474941575305238
3935.0744609913313,5.469525854676307,1.3277992038222652
3936.5636808179597,5.936693743556603,1.3360196686239723
3938.0529006445877,5.272195153774669,1.3687220844305488
3939.5421204712156,7.2128692807574355,1.1477427881600442
3941.031340297844,6.817480224333682,1.0693281085093125
3942.520560124472,6.986051293604603,0.9975921935351912
3944.0097799511004,6.060295993180249,1.0035202303150448
3945.4989997777284,4.080633667116993,1.2236122041310602
3946.9882196043563,7.392684932503164,1.0844707923049868
3948.4774394309848,6.1598355952537185,1.1485560561462074
3949.9666592576127,7.667908771418735,1.098942086572949
3951.455879084241,7.3544487007385015,1.0872125090255094
3952.945098910869,7.455273773687652,1.126543551952329
3954.434318737497,6.6691484525515135,1.1623043713422307
3955.9235385641255,7.188670923227973,1.1332710185719495
3957.4127583907534,6.238204135618983,1.2007488312695052
3958.901978217382,6.638910831999293,1.2402286215469565
3960.39119804401,6.732543664330862,1.1789570324763552
3961.8804178706378,4.992162330702148,1.2943928760011674
3963.369637697266,7.314268198617421,1.1439775397226961
3964.858857523894,6.062460323007404,1.186101000048133
3966.3480773505225,7.570349660681669,1.1232137512184737
3967.8372971771505,5.986400066175636,1.3586552801073262
3969.3265170037785,6.689681645037994,1.30941768906453
3970.815736830407,5.611321578736302,1.3550394889428437
3972.304956657035,6.583012859418737,1.2795660496970274
3973.7941764836633,5.880905173113591,1.31037137464606
3975.283396310291,7.5334800797214925,1.091617055726537
3976.772616136919,6.412169917167953,1.1542171834362174
3978.2618359635476,6.7947559382507725,1.0619075757185508
3979.7510557901755,6.915571197306384,1.0884301584858984
3981.240275616804,6.8069673207340475,1.08633801660563
3982.729495443432,6.339575148732166,1.1215968807528338
3984.21871527006,6.48484238147326,1.191066803308337
3985.7079350966883,6.7479364181173285,1.1202698368903166
3987.1971549233162,7.552105851703038,1.1802565319286566
3988.6863747499447,5.228943102808745,1.278850587299286
3990.1755945765726,6.329908962463181,1.1693715285149573
3991.6648144032006,6.236965109789491,1.1401452236851561
3993.154034229829,4.580662067377676,1.3298614738386445
3994.643254056457,7.559284098621968,1.1178182207795468
3996.1324738830854,7.019389786219679,1.0923849413420357
3997.6216937097133,7.724872888668634,1.1194152180759536
3999.1109135363413,8.18878935634381,1.0880405557786148
4000.6001333629697,6.020496953122351,1.202685058094541
4002.0893531895977,8.421459337137088,1.066557623697922
4003.578573016226,6.556356730151701,1.1828813464840267
4005.067792842854,7.345671108690324,1.159893103613522
4006.557012669482,7.6002570287385165,1.1210632250449826
4008.0462324961104,6.732873551807284,1.0973324859428994
4009.5354523227384,6.918595364704569,1.0505894162888014
4011.0246721493663,6.769718523632019,1.0287896460574752
4012.5138919759947,9.353255213096796,0.8751656787276668
4014.0031118026227,7.062074912875895,1.0301293711212993
4015.492331629251,7.364489198881663,1.0967212348644573
4016.981551455879,7.512463230085962,1.1468331443687263
4018.470771282507,7.129157957553877,1.115008269569289
4019.9599911091354,7.051757751574077,1.147642506751631
4021.4492109357634,5.236336513691917,1.1959834106723681
4022.938430762392,7.4022714912506204,1.1271748456274326
4024.42765058902,6.975341531864048,1.1949949191350748
4025.9168704156477,6.066321631475287,1.2665168321628484
4027.406090242276,7.726010629080133,1.2234955986510068
4028.895310068904,5.55397308432388,1.3799807637156238
4030.3845298955325,5.977852134457953,1.378259754338744
4031.8737497221605,4.705008024486555,1.4808718063312678
4033.3629695487884,7.360359859121433,1.2881732693912793
4034.852189375417,7.405200715267771,1.236019096775817
4036.341409202045,7.922515796514371,1.2136959758507684
4037.8306290286732,7.745417230098057,1.189327061295254
4039.319848855301,9.01629525031588,1.112352206502716
4040.809068681929,6.928663116241777,1.234716019733218
4042.2982885085576,8.822998221140049,1.1119768149807214
4043.7875083351855,8.763613590281075,1.066074067242995
4045.2767281618135,6.501497398422953,1.1522029523251145
4046.765947988442,6.510557549707692,0.9886781797078832
4048.25516781507,5.5824410226230725,1.0121341061311107
4049.7443876416983,7.794320968404134,1.1206685685888598
4051.233607468326,6.7045510124966095,1.2608907715287423
4052.722827294954,8.417741690146618,1.1559732960245117
4054.2120471215826,7.675284368232666,1.2061204476450058
4055.7012669482106,7.949204153972202,1.2066223251830168
4057.190486774839,8.35912391678361,1.2060827549971902
4058.679706601467,8.35530389188158,1.2631871998635198
4060.168926428095,7.936851459395458,1.2432831126783754
4061.6581462547233,8.597812032106228,1.1958285213050504
4063.1473660813513,9.001388625144498,1.1743827044278
4064.6365859079797,7.506307623747595,1.182331715962727
4066.1258057346076,7.098279336184151,1.1635892912732866
4067.6150255612356,9.43954366259835,1.103777134861447
4069.104245387864,7.900755429370951,1.1904853787093332
4070.593465214492,8.395002818154131,1.2104989155618222
4072.0826850411204,7.063457587233923,1.2730107344809631
4073.5719048677483,9.32567734851567,1.2048142480083468
4075.0611246943763,9.299948995130748,1.1828209695463212
4076.5503445210047,8.303196303355982,1.161366786390759
4078.0395643476327,9.416606872627643,1.1003079076689777
4079.528784174261,10.237734437023208,1.0953702010135362
4081.018004000889,9.509054910986364,1.1141602869205267
4082.507223827517,9.341727719057616,1.1254667855593485
4083.9964436541454,9.537349173668396,1.1718132207969267
4085.4856634807734,10.055872140554674,1.1174933164849181
4086.974883307402,10.454040158602554,1.0915989263973118
4088.4641031340298,10.322984322319101,1.1140766685000627
4089.9533229606577,9.984434302719851,1.1255894800502542
4091.442542787286,11.17152371303719,1.1357485226775568
4092.931762613914,9.794413575302748,1.1661655754630949
4094.4209824405425,11.843867645809453,1.050060225022402
4095.9102022671705,10.560007028433875,1.1162830303508835
4097.399422093798,10.588392223998014,1.17909131878185
4098.888641920426,11.557199560737478,1.0975722321834274
4100.377861747055,11.43409025572724,1.0950253612792078
4101.867081573683,11.041465001604907,1.1439832268611334
4103.356301400311,11.443657983740607,1.1328167470309907
4104.845521226939,11.972452971794525,1.0613387867157253
4106.334741053567,12.55636368777583,1.0518796746441992
4107.823960880196,11.08114434930021,1.1334072413693554
4109.313180706824,12.212233255736283,1.0489118621973685
4110.802400533452,13.894374309205919,0.9902337543251115
4112.29162036008,12.346848940457273,1.0830728893270878
4113.780840186708,14.039377191100767,0.9829568659211166
4115.270060013337,14.055953633274898,0.9539174349775452
4116.759279839965,14.968164724460756,0.9019094432300185
4118.248499666593,13.618783363138528,0.9811259592895802
4119.7377194932205,14.936417921523347,0.9539195650243636
4121.2269393198485,15.278712044357535,0.8897148540411317
4122.716159146477,17.045406595299177,0.8288006477439647
4124.205378973105,15.80639951120437,0.8470668454985975
4125.694598799733,14.908658468119997,0.865465913279775
4127.183818626361,14.759379864860199,0.9095300690919829
4128.673038452989,15.85209929187299,0.8798153962985442
4130.162258279618,16.23770595936348,0.8570297561083108
4131.651478106246,15.171990887925709,0.896486313830222
4133.140697932874,15.453655503714367,0.9000315890751521
4134.629917759502,14.746184639960948,0.9201004428345972
4136.11913758613,14.144678659131348,0.0
4137.608357412759,16.363536205762806,0.0
4139.097577239387,15.162133916293392,0.0
4140.586797066015,15.655195746964646,0.0
4142.076016892643,16.012080070676202,0.0
4143.565236719271,14.15338898635432,0.0
4145.054456545899,12.011292011828536,0.0
4146.543676372527,14.50852786188743,0.0
4148.032896199155,13.950522894476503,0.0
4149.522116025783,14.171188010537618,0.0
4151.011335852411,12.534215761103262,0.0
4152.50055567904,12.405949101001706,0.0
4153.989775505668,12.481954242827673,0.0
4155.478995332296,13.147041999756642,0.0
4156.968215158924,12.651790529685549,1.0649600917522293
4158.457434985552,11.536590521130464,1.129412622694462
4159.94665481218,12.39115181290526,1.1196146912205096
4161.435874638809,11.575118688797717,1.120999973075155
4162.925094465437,11.810297135686058,1.1020732852558695
4164.414314292065,12.460950930747337,1.029421509355023
4165.903534118693,11.179052417718378,1.0279285123278024
4167.392753945322,11.932490728107132,1.0658908786208738
4168.88197377195,12.343543532366319,1.048039164867686
4170.3711935985775,10.784763819640236,1.157399709647672
4171.8604134252055,10.298196026686194,1.168241256858139
4173.349633251833,10.905129268713758,1.1975143364810354
4174.838853078461,10.066958834041005,1.30252781702754
4176.32807290509,11.140881511431651,1.1954109075155812
4177.817292731718,10.611518388612623,1.222781339202226
4179.306512558346,9.885152445566392,1.3384640777350842
4180.795732384974,8.853567859003322,1.3675638089260032
4182.284952211603,9.299350857975563,1.390288471770867
4183.774172038231,9.395130926844843,1.4025741120607755
4185.263391864859,10.206527031464146,1.3426688543605365
4186.752611691487,10.11653078339127,1.3523423057937556
4188.241831518115,8.644359163321706,1.4977256697417414
4189.731051344743,9.433063156789677,1.4507506485259756
4191.220271171372,9.402249159633513,1.4159478463254545
4192.709490998,9.15081877348784,1.4191513915923288
4194.198710824628,8.6115889275283,1.507158615880174
4195.687930651256,9.810066580324468,1.4471020050093892
4197.177150477884,8.838875696245397,1.5271687111429533
4198.666370304512,9.457675276835937,1.5943786289621502
4200.15559013114,8.482932080930448,1.6354149840142782
4201.644809957768,8.578086764278053,1.6157736165451453
4203.134029784396,8.853918214363514,1.5781097665737105
4204.623249611024,7.970120250919805,1.6130465746709766
4206.112469437653,8.229840635169131,1.6539948686573092
4207.601689264281,7.5438381111693245,1.6372403025539985
4209.090909090909,8.470177029270108,1.4877246455917812
4210.580128917537,8.594927334782938,1.5524422198253134
4212.069348744166,8.240883243413485,1.6504805528682147
4213.558568570794,7.999476925119643,1.6263386188030635
4215.047788397422,9.295000947319691,1.6084534031976832
4216.53700822405,8.276505287720624,1.636238993467155
4218.026228050678,8.524490319848924,1.6209096919094932
4219.515447877306,7.766522350270881,1.7271034195124049
4221.0046677039345,6.9491078455087285,1.79563207462626
4222.4938875305625,8.774979944604244,1.5664043605104736
4223.98310735719,7.859065873173105,1.6976000353860061
4225.472327183818,7.8434223919352,1.7081236724227529
4226.961547010447,7.432505680135859,1.7547783075793657
4228.450766837075,8.81990519994446,1.6519452340084497
4229.939986663703,7.78989121569891,1.7011445589729597
4231.429206490331,7.731823104402857,1.7341624931660917
4232.918426316959,7.3605997961032905,1.7479223210717432
4234.407646143587,7.086542610927706,1.8177249243902356
4235.896865970216,6.02769556521397,2.0154966516397197
4237.386085796844,7.799014223230751,1.8327129827763968
4238.875305623472,7.639171640601185,1.7576051694385195
4240.3645254501,8.277506858068417,1.7300923659372769
4241.853745276729,7.590127045887554,1.7591722833621137
4243.342965103357,8.07774546356313,1.7131085515993145
4244.832184929985,7.4544350628670735,1.7531309214062332
4246.3214047566125,6.904419903087189,1.8348836029046125
4247.8106245832405,7.451493048522225,1.6842817036921294
4249.2998444098685,7.1393498524952665,1.7286022187671632
4250.789064236497,7.045059103347301,1.754781976682644
4252.278284063125,6.743882211279168,1.8306210616529401
4253.767503889753,7.998190888975618,1.7063850255632729
4255.256723716381,7.808578011603094,1.6906350946284665
4256.745943543009,8.212058778980534,1.683820829859818
4258.235163369638,7.471294448594709,1.7290893277214063
4259.724383196266,8.201900707218265,1.721093774100188
4261.213603022894,7.452200899265727,1.8193067105514031
4262.702822849522,7.581241245877267,1.738509757593661
4264.19204267615,7.801300708088642,1.808531948029739
4265.681262502779,7.112855983443874,1.8205543224596195
4267.170482329407,8.137270452249695,1.6833541491493629
4268.659702156035,7.25520095057456,1.8418706926108948
4270.148921982663,7.102599773787053,1.9209444804186295
4271.638141809291,7.772520116227653,1.820011050539388
4273.127361635919,7.807496987933593,1.865443423236128
4274.616581462547,7.164511524743656,1.9416013843648925
4276.105801289175,8.051306263766659,1.8569586844522379
4277.595021115803,7.504676698739728,1.902232318912139
4279.084240942431,7.52155108467139,1.8346772945989396
4280.57346076906,7.188081191643144,1.9040028589414577
4282.062680595688,8.233060954300072,1.7919320406209815
4283.551900422316,8.509819741460106,1.722023645662951
4285.041120248944,7.109275193379706,1.9213663129369187
4286.530340075572,6.737029155269067,2.130593476943764
4288.019559902201,7.5206858390758375,1.9283372606675602
4289.508779728829,7.507153776486775,1.9630014860929879
4290.997999555457,7.282544266797886,2.0797986263959274
4292.487219382085,6.128073122066041,1.9716908360178638
4293.976439208713,7.379903403466239,1.9107874532230487
4295.465659035342,7.073175682039635,1.88380112035993
4296.9548788619695,6.571655634241778,2.0186076599147884
4298.4440986885975,6.986209416429891,1.9040703454696783
4299.933318515225,7.857600017013585,1.8014605587802606
4301.422538341853,7.602386993313807,1.9225462523322732
4302.911758168482,7.331761011935563,1.9695190827806874
4304.40097799511,6.577179396431607,2.0727965878105277
4305.890197821738,8.058122970044318,1.8980731107092461
4307.379417648366,6.424261324953864,1.9990402366365907
4308.868637474994,7.845788772294653,1.8709711662276831
4310.357857301622,8.806823657498121,1.6207700361715598
4311.847077128251,6.687082220119466,1.8831554995060602
4313.336296954879,7.223826615314301,1.900948785060029
4314.825516781507,7.0603724279018705,1.7534485967646238
4316.314736608135,7.6988889553891395,1.723764819242035
4317.803956434764,7.237332186877953,1.8780463454344156
4319.293176261392,7.475180591216276,1.8908038655303376
4320.78239608802,7.323421517747986,1.8250720612636593
4322.271615914648,7.716972653534069,1.8173121937820402
4323.7608357412755,6.14271470645861,2.086627514426966
4325.2500555679035,7.122774766600882,2.0102396258965203
4326.739275394532,7.354365272340884,1.918461594634557
4328.22849522116,6.940651162466564,2.0387596156487624
4329.717715047788,6.351954621494014,2.1128992892926197
4331.206934874416,7.22512817956292,1.9928207512361251
4332.696154701045,7.567389034117663,1.9245100079367428
4334.185374527673,6.083193564014827,2.2229484911595474
4335.674594354301,6.819491787180601,2.0596183867453965
4337.163814180929,6.897997808282198,1.9210807290778706
4338.653034007557,8.002277783854666,1.8296629926691286
4340.142253834185,6.9101772688921965,2.2032436851639132
4341.631473660814,8.261609521430236,1.8783694735748588
4343.120693487442,7.442460520108775,2.023882679674778
4344.60991331407,7.386152965144768,2.0648579566397287
4346.099133140698,8.2745812886236,1.9203968700302345
4347.5883529673265,7.519138604357842,1.9594401283688698
4349.0775727939545,8.470502139771538,1.9278291311089042
4350.566792620582,6.497962688514348,2.1119397785017493
4352.05601244721,6.800154156905759,2.1119116896628074
4353.545232273838,8.275055379480166,1.9418702575084172
4355.034452100466,7.386250550515752,2.045796010295888
4356.523671927095,8.706582583464435,1.6468740731588387
4358.012891753723,8.675213000427853,1.1857601407811509
4359.502111580351,7.3208193741962395,1.1329479005462781
4360.991331406979,8.310629157443215,1.3797943049416055
4362.480551233608,7.145686839910516,1.8238059910995452
4363.969771060236,7.09395433630927,2.055339107410471
4365.458990886864,7.1345263970059305,2.047072550364688
4366.948210713492,7.475809717118911,2.0067040885970617
4368.43743054012,7.1635497001341015,2.079147123935668
4369.926650366748,7.498248874028238,1.977476793539324
4371.415870193377,7.156025302463187,2.099076711762898
4372.9050900200045,8.526837952066474,1.895964358100081
4374.3943098466325,6.601211682632554,2.064284956322499
4375.88352967326,7.814276176562466,1.911850251544092
4377.372749499889,6.92974037817459,2.0122314239213166
4378.861969326517,7.8426927172720795,0.0
4380.351189153145,8.102050442682591,0.0
4381.840408979773,7.112924321486124,0.0
4383.329628806401,7.970758662253958,0.0
4384.818848633029,7.124537053981012,0.0
4386.308068459658,6.0028378023548745,0.0
4387.797288286286,7.834093842827556,0.0
4389.286508112914,7.222582088034924,0.0
4390.775727939542,6.581759168499874,0.0
4392.264947766171,6.67071257640302,0.0
4393.754167592799,7.374329359927345,0.0
4395.243387419427,7.165362338672048,0.0
4396.732607246055,6.1250724291688,0.0
4398.221827072683,7.605031155130183,0.0
4399.7110468993105,6.631388266044573,2.1657540363952967
4401.200266725939,6.818850160356311,1.9382554845474653
4402.689486552567,7.190742670565067,1.8345301891652646
4404.178706379195,7.127868088032579,1.9599527522624838
4405.667926205823,6.7151729152667325,2.0619612550051887
4407.157146032452,6.641262356746438,1.9552087878863118
4408.64636585908,8.340023396907082,1.721149319169595
4410.135585685708,8.640796343799718,1.78641768111737
4411.624805512336,6.555595779623012,2.0247494804686625
4413.114025338964,6.997245286195285,1.9038670677716616
4414.603245165592,6.682943868070092,1.928582760529775
4416.092464992221,7.086296678846574,1.9491781657856457
4417.581684818849,6.777757928450223,2.000404037733151
4419.070904645477,7.2036242055970785,2.0219915051030166
4420.560124472105,5.442438078188866,2.1764134417264422
4422.049344298733,7.1496532645451305,1.9564454894433858
4423.5385641253615,7.228034381987366,1.9475506987942197
4425.0277839519895,6.546450499896866,2.1128083343455772
4426.517003778617,5.269698075431102,2.2271433667948513
4428.006223605245,5.800902699923954,2.1701347501632386
4429.495443431873,7.515214692231142,2.0131573213245355
4430.984663258502,6.413539400270468,2.080391098609626
4432.47388308513,6.628808896620504,2.0930171890000353
4433.963102911758,6.647711855245218,2.150926793605538
4435.452322738386,6.21871550319974,2.2319572210315766
4436.941542565014,6.949932921867545,2.0467043987949287
4438.430762391643,6.830069518444404,2.031556793233928
4439.919982218271,6.4264403611308225,2.09396460521427
4441.409202044899,6.576548431895097,2.1605374302560763
4442.898421871527,5.866594198629033,2.391281244859983
4444.387641698155,6.348614797158205,2.027122191081434
4445.876861524784,6.66360857326711,2.0655917249161493
4447.366081351412,6.92397914895224,0.0
4448.85530117804,6.31385714934555,0.0
4450.3445210046675,6.195373229082699,0.0
4451.8337408312955,6.608502677077051,0.0
4453.322960657924,7.028661086445193,0.0
4454.812180484552,6.853565980193163,0.0
4456.30140031118,6.685000014804763,0.0
4457.790620137808,7.423776242675114,0.0
4459.279839964436,6.265045021544198,0.0
4460.769059791065,6.688708772428786,0.0
4462.258279617693,7.0244271502995606,0.0
4463.747499444321,6.013075570426625,0.0
4465.236719270949,6.379458000619878,0.0
4466.725939097577,7.375995405259214,0.0
4468.215158924206,6.402971843589686,2.2588294603035806
4469.704378750834,6.181887810077889,2.3305888421445218
4471.193598577462,6.309064089665192,2.338975262909092
4472.68281840409,7.106393389280457,2.2611149782477793
4474.172038230718,6.840595920695613,2.2052347342362584
4475.6612580573465,6.566601641373959,2.082471737350625
4477.150477883974,7.098358062746301,2.1134693030965392
4478.639697710602,6.331550753429181,2.3319045231365827
4480.12891753723,6.046317538781617,2.475009333657717
4481.618137363858,6.25061624754671,2.4573889779578524
4483.107357190487,7.030043482562129,2.326596045178786
4484.596577017115,6.089563383543072,2.3694732837576464
4486.085796843743,6.466139705995398,2.3069955367188366
4487.575016670371,6.481879771003991,2.331319432969752
4489.064236496999,6.233158489692027,2.483895000903519
4490.553456323627,6.823309037041764,2.3743220504984026
4492.042676150256,5.685690276653686,2.562110855137436
4493.531895976884,6.547252672881413,2.3810201415287318
4495.021115803512,6.400443345444487,2.3100826557555245
4496.51033563014,6.651946841582033,2.2681239465650807
4497.999555456769,5.6825284217682395,2.4908973925000173
4499.4887752833965,5.782310177189061,2.3968763741757297
4500.9779951100245,6.379304227699475,1.6998906346821645
4502.467214936652,6.017126948085476,1.82597209126397
4503.95643476328,7.270459645473416,1.657432517854872
4505.445654589908,6.0995722552013145,2.0761850763225413
4506.934874416537,6.387280858751761,2.440456604573533
4508.424094243165,5.477686753931819,2.4550955213610792
4509.913314069793,6.239687121306662,2.463311827099924
4511.402533896421,6.488247006641629,2.5016599803904103
4512.89175372305,5.214186636377001,2.7182914454497236
4514.380973549678,4.6598474220655,2.8820404770077057
4515.870193376306,5.87313702331505,2.5929719306187815
4517.359413202934,5.559014137114949,2.5446862900738867
4518.848633029562,6.195130619727509,2.5334134952529808
4520.33785285619,6.62837591247932,2.3901127128620003
4521.827072682819,6.256892860662954,2.3770889207305426
4523.316292509447,5.935046753894773,2.3515590317351593
4524.805512336075,4.957270669965303,2.6024206744435925
4526.2947321627025,6.00016348050054,2.5036080785158807
4527.783951989331,5.764319726916367,2.4444699155755756
4529.273171815959,5.808030709015005,2.4329249973735996
4530.762391642587,5.107926190540032,2.5178118102569655
4532.251611469215,5.514365159886803,2.6177487950631013
4533.740831295843,5.018013493631078,2.6483895674439286
4535.230051122471,5.15708674926271,2.619550754949556
4536.7192709491,5.9419853423680715,2.5166449806505073
4538.208490775728,4.416562689988962,2.825448371875117
4539.697710602356,6.0176964123626995,2.4940257338117715
4541.186930428984,5.703514610619036,2.5617603029356664
4542.676150255613,5.350636960930382,2.680924916798593
4544.165370082241,6.072737277415268,2.4084677890624615
4545.654589908869,5.199210178895333,2.5021857495189326
4547.143809735497,5.833930069766018,2.3245919359823852
4548.633029562125,5.839929794279958,2.2885486450051125
4550.122249388753,5.980744949424744,2.6639798903399843
4551.6114692153815,5.175070595238377,2.612804234764003
4553.100689042009,5.358310794205045,2.5380960328832822
4554.589908868637,6.206536875426649,2.4709930050675943
4556.079128695265,5.716794370816654,2.6534278494194874
4557.568348521894,5.415701998802562,2.695439003269994
4559.057568348522,5.116023308682739,2.7036143949403924
4560.54678817515,5.804151269131804,2.591864213762167
4562.036008001778,6.117889987207682,2.5973886607741314
4563.525227828406,5.5242658561339795,2.7307758542521765
4565.014447655034,6.546775350751831,2.567707130421868
4566.503667481663,5.621537313949849,2.7197206800470703
4567.992887308291,6.195045076743054,2.7018638259148657
4569.482107134919,4.884485661165597,2.868108646144399
4570.971326961547,6.034982204441254,2.7140093548630517
4572.460546788176,6.241812410555147,2.6809702654320176
4573.949766614804,6.08205297228092,2.6755463492177882
4575.438986441432,5.776800384677969,2.5726993498237207
4576.9282062680595,5.855579329008093,2.6067549591698818
4578.4174260946875,6.1801594866643565,2.6178767667900247
4579.906645921315,6.124159729772659,2.5603843205366807
4581.395865747944,7.792579165431239,2.2723917425478555
4582.885085574572,6.084371933172306,2.5211890961419723
4584.3743054012,5.720667230692251,2.515943836862119
4585.863525227828,6.029959553093519,2.472561775820182
4587.352745054456,5.576854687254954,2.68476218382803
4588.841964881085,6.655698161460128,2.4063631107710517
4590.331184707713,6.2771098101181435,2.447716653415839
4591.820404534341,5.666386315920031,2.764753478945629
4593.309624360969,5.532768915321631,2.8391672000905634
4594.798844187597,5.199074615556128,2.8080098213253595
4596.288064014226,6.750323442110064,2.6046698150966923
4597.777283840854,6.263389562791186,2.574009213101362
4599.266503667482,6.004602416301104,2.6308746691760265
4600.75572349411,5.217980584423783,2.8230509510667567
4602.244943320738,5.432763379961436,2.807642388432245
4603.734163147366,6.029678441967006,2.7883937374355985
4605.223382973994,5.702883822234209,2.787505702485018
4606.712602800622,6.35955179414559,2.6622502311902236
4608.20182262725,6.231271388192318,2.6945627240701437
4609.691042453878,5.420171994240544,2.714027541666776
4611.180262280507,6.346920760479084,2.5069988114234865
4612.669482107135,6.075097670821033,2.560775180368477
4614.158701933763,5.77388814848732,2.7758243341264004
4615.647921760391,7.122886371184933,2.4551784941793495
4617.137141587019,5.465527639742084,2.9424213789362668
4618.626361413648,6.071918134049271,2.5331565683334425
4620.115581240276,6.505379750744136,2.6435087720296315
4621.604801066904,6.261916940069574,2.7215668005002853
4623.094020893532,5.676983904580344,2.810963878653243
4624.58324072016,4.8271476460496165,3.1643508137530527
4626.072460546788,6.141409836531758,2.594211351213785
4627.5616803734165,6.454714321784381,2.6710453710763464
4629.050900200044,6.4225082548689585,2.664942785837578
4630.540120026672,6.397784412722519,2.6501455902590036
4632.029339853301,6.660205571657593,2.671468466559765
4633.518559679929,5.863705185459251,2.7533817079367644
4635.007779506557,6.314869160783331,2.708452282665822
4636.496999333185,6.604258079077563,2.753289118778587
4637.986219159813,5.685830356787317,2.894022378928236
4639.475438986441,5.558157312852733,2.9619911737822884
4640.964658813069,5.2001711507644695,3.064866900847716
4642.453878639698,5.401810016701479,2.9311920540027714
4643.943098466326,5.7765422610111905,2.8294306186499028
4645.432318292954,5.897276666901839,2.88665289659122
4646.921538119582,5.961223791833911,2.8359773472988428
4648.410757946211,6.985396028169554,2.6686002544970475
4649.899977772839,6.659114389458211,2.5498033199375825
4651.389197599467,7.041864150633439,2.4866477668605413
4652.8784174260945,6.474971515807021,2.736199718115506
4654.3676372527225,6.322506856110437,2.7181160139805733
4655.85685707935,6.528653854506747,2.664575297941879
4657.346076905979,6.226546525514612,2.7044991643084275
4658.835296732607,5.936917642718317,2.105744420568675
4660.324516559235,5.368218080718904,2.080621417352331
4661.813736385863,5.123003444214887,2.8430818436247782
4663.302956212492,5.480688967430384,2.83063836897583
4664.79217603912,6.056801330333022,2.6165245262909647
4666.281395865748,6.534706045112532,2.6264848033392565
4667.770615692376,6.415118655351875,2.7142611718860867
4669.259835519004,5.239621220086231,2.865142103338787
4670.749055345632,5.805197456711111,2.6597170900956106
4672.238275172261,6.144864240450864,2.7344489361492115
4673.727494998889,6.160365985691566,2.7141582341290267
4675.216714825517,5.572521459625834,2.916887074035775
4676.705934652145,5.443996976610502,2.8690826396525964
4678.1951544787735,6.400867917367353,2.6583989275995825
4679.684374305401,6.241242261563856,2.7340476921611776
4681.173594132029,5.893702917414023,2.8118408839871827
4682.662813958657,5.791791758411318,2.784851913313587
4684.152033785285,5.891674519063836,2.8458045872439883
4685.641253611913,6.1337163369074945,2.7382624914462634
4687.130473438542,6.007942137671491,2.7607702869324533
4688.61969326517,6.177915688131005,2.718699558426156
4690.108913091798,6.07518224879541,2.7905376113149924
4691.598132918426,6.375289135953375,2.6874869114451876
4693.087352745055,5.334811308559772,2.9589795032081465
4694.576572571683,5.831743153672933,2.9039181153431652
4696.065792398311,5.518764334590059,2.891735061433072
4697.555012224939,5.839671168445387,2.834835397294608
4699.044232051567,6.11257277665766,2.7949296333611415
4700.533451878195,5.611079805076534,2.937161121456728
4702.022671704824,5.816282673923206,2.7167970010610287
4703.5118915314515,5.4150530810030615,2.922846046798644
4705.0011113580795,5.186085785326333,3.0923794636375126
4706.490331184707,5.053822200483998,3.065180849659696
4707.979551011336,5.728381567377387,2.9160123698377247
4709.468770837964,5.581222917001961,2.9025509843788497
4710.957990664592,6.111579637711774,2.791464786597789
4712.44721049122,5.006302701580763,3.025318839872627
4713.936430317848,5.444336497666933,2.9637698468540936
4715.425650144476,5.7726840734984375,2.8040049852886932
4716.914869971105,5.967964232067976,2.8024644453338627
4718.404089797733,5.653184234072857,3.0941495541134456
4719.893309624361,4.8407073495700725,3.0942932206035465
4721.382529450989,6.331500018644585,2.662886759561376
4722.871749277618,5.640853460857439,3.025989305544254
4724.360969104246,4.967014461473389,3.111862868606447
4725.850188930874,5.5532328993576225,2.876836383307231
4727.339408757502,5.723296192237441,2.8235750562909456
4728.82862858413,6.2224849804761,2.786824537079317
4730.3178484107575,5.307443645154147,2.8474879573956957
4731.807068237386,6.102391521790147,2.7285181721244216
4733.296288064014,5.170125029998324,2.913170287334989
4734.785507890642,5.857014216305001,2.888961302066716
4736.27472771727,5.722727725699471,2.855184215080441
4737.763947543899,5.180946443178794,2.951809802588517
4739.253167370527,4.972742622191205,2.8445413169347256
4740.742387197155,5.45832830591222,2.872956993491326
4742.231607023783,5.644974393935125,2.884485275353085
4743.720826850411,5.94980407500455,2.784686083656027
4745.210046677039,5.809765722975795,2.8702500329578116
4746.699266503668,6.498908830801792,2.7645969853722887
4748.188486330296,5.761082446278428,2.946870706488476
4749.677706156924,5.678062954398449,2.9995588930179853
4751.166925983552,5.263848933837576,3.173696264979517
4752.6561458101805,5.323705609067014,3.064460254113968
4754.1453656368085,5.50986335072869,3.0536283220479308
4755.634585463436,5.117664756756325,3.1237759504610625
4757.123805290064,4.726745892532668,3.5243645823493277
4758.613025116692,5.033180685238225,3.271438941872231
4760.10224494332,6.0664646795104735,2.967050935769554
4761.591464769949,5.801357359831224,3.132770691676138
4763.080684596577,4.751189844476713,3.5392070556018496
4764.569904423205,4.979233290082823,3.3815502551718875
4766.059124249833,5.708906618691788,3.155041672940137
4767.548344076462,5.403855872885867,3.2989216454961556
4769.03756390309,5.052235482027819,3.2733807805664337
4770.526783729718,4.938082361101307,3.338413043907444
4772.016003556346,6.007033317952069,3.202614418877225
4773.505223382974,5.70633694368814,3.163332096471605
4774.994443209602,5.318833490854442,3.3715452603540066
4776.48366303623,4.863589567427919,3.285968817349736
4777.972882862859,5.782752226908277,3.060138948273071
4779.4621026894865,5.954407010049938,3.0501108145105307
4780.9513225161145,5.2076859674889615,3.2026467979879536
4782.440542342743,5.8447587821159805,3.123779767397385
4783.929762169371,5.729573889323289,3.1640018192308816
4785.418981995999,5.315935256221136,3.230779371942522
4786.908201822627,5.802163734507164,3.080662346770373
4788.397421649255,6.2389862903274,2.9513179546440167
4789.886641475883,5.764374855971291,3.043316456377425
4791.375861302511,5.512406391665267,3.141498627395878
4792.86508112914,6.414271780293195,2.885842177962549
4794.354300955768,6.386902944172648,2.942367170835675
4795.843520782396,5.988213662989384,3.0381782833449336
4797.332740609025,4.937677539141242,3.4573352106066912
4798.821960435653,5.641338204522386,3.067793344909476
4800.311180262281,5.89725909868644,3.0337217011661872
4801.800400088909,5.373467006950716,3.3476022653739563
4803.289619915537,5.404286526992452,3.29321328112104
4804.778839742165,5.592181778772746,3.170823043156254
4806.2680595687925,4.756395690108577,3.639030709940878
4807.757279395421,5.2764986763340636,3.289351488751369
4809.246499222049,5.708914373273043,3.1359777110779232
4810.735719048677,4.725858233636398,3.4796325039741847
4812.224938875305,5.434543982498739,3.3518349344878122
4813.714158701934,5.557142986933745,3.066068760160613
4815.203378528562,5.440356220501437,3.28803757535074
4816.69259835519,5.391430987698998,3.157618318500512
4818.181818181818,4.818642309951606,3.369539328546512
4819.671038008446,5.729172726545988,3.02125864218959
4821.160257835074,5.699864454094561,3.0156554515243217
4822.649477661703,5.516819448387155,2.983512934228037
4824.138697488331,5.75967100362909,3.091988706377078
4825.627917314959,5.484043767990001,3.112801371482629
4827.117137141587,5.769290700273282,3.031359615750565
4828.606356968216,5.1954786791657845,3.2791216909140695
4830.0955767948435,4.853099640863053,3.3120602089631266
4831.5847966214715,5.242993494652996,3.141823941782723
4833.074016448099,6.55083850484937,2.961401388413651
4834.563236274727,5.559414273360943,2.939447382165477
4836.052456101355,4.990270629113381,3.13481811137148
4837.541675927984,5.30199294719353,3.1756884952105486
4839.030895754612,6.354901026290562,2.935136801041929
4840.52011558124,5.468919300435882,3.0901443721840716
4842.009335407868,5.634173421020309,3.154555515149027
4843.498555234497,5.400428747063506,3.194302802990965
4844.987775061125,5.54649799881402,3.1634748585621355
4846.476994887753,6.271572978902991,3.0038965272128655
4847.966214714381,5.7677794063577545,3.120335298620648
4849.455434541009,5.102647413128666,3.3050872492257333
4850.944654367637,5.236236885611624,3.4099714215811114
4852.433874194266,5.430219964648134,3.2385748307081097
4853.923094020894,5.259483087566752,3.3459875487779276
4855.412313847522,4.9893255699955965,3.4087241375845516
4856.9015336741495,5.2107383890436445,3.513989335501842
4858.390753500778,5.478510837698624,3.5005982623034804
4859.879973327406,4.978767408997941,3.591916001455506
4861.369193154034,5.579798057028311,3.2563141516373846
4862.858412980662,5.579615020607988,3.4256998871857594
4864.34763280729,5.63432872275357,3.3595729858438292
4865.836852633918,5.301852616500091,3.4075311386198726
4867.326072460547,5.337604485069351,3.4351313253542264
4868.815292287175,5.993855664037081,3.1898240371487265
4870.304512113803,4.560767887731023,3.590542051728599
4871.793731940431,4.744037093466744,3.644710063202463
4873.28295176706,5.4493910905602005,3.540737137720224
4874.772171593688,5.3914238781200945,3.5651522162572618
4876.261391420316,5.04944066955567,3.8643939497250672
4877.750611246944,5.027812476276335,3.5280005273364883
4879.239831073572,5.118476910860459,3.497333972229214
4880.7290509002,5.243932178682236,3.2952907070571427
4882.218270726828,5.078456863842841,3.2723071281717404
4883.707490553456,4.603532079385561,3.468924195119531
4885.196710380084,5.736291828785323,3.1469989865193355
4886.685930206712,5.1413341050838355,3.6223493980529335
4888.175150033341,5.179104136240688,3.4099052727803767
4889.664369859969,4.919163045813701,3.5258293663861258
4891.153589686597,4.465958017756131,3.8160817361976362
4892.642809513225,5.161177315384209,3.386933241685337
4894.132029339853,5.941809373225125,3.225255297166294
4895.621249166481,4.974283747330565,3.6433520449777044
4897.11046899311,4.807923868362089,3.5802038628933315
4898.599688819738,4.669841376914129,3.58432051686072
4900.088908646366,5.312543776573186,3.524701192980531
4901.578128472994,5.406518530941868,3.589964015542545
4903.067348299623,4.773073202675974,3.7324578704086186
4904.556568126251,5.3773431562100455,3.6037942895050357
4906.0457879528785,5.479735255346727,3.4585743914205893
4907.5350077795065,5.511020101060433,3.4218874335128304
4909.024227606134,4.824970418041383,3.722697030141125
4910.513447432762,5.605555187386763,3.596135431797325
4912.002667259391,5.6073635893824205,3.3884094331006667
4913.491887086019,5.214349386175944,3.5711491611409727
4914.981106912647,5.668235456370759,3.4022364622476338
4916.470326739275,4.9206545777516375,3.775344294293235
4917.959546565904,5.431804097013133,3.552441238127663
4919.448766392532,5.6516114179411305,3.4516011911375926
4920.93798621916,5.87844674669225,3.5603319060783516
4922.427206045788,5.078350768972786,3.761502559280399
4923.916425872416,6.139275358506827,3.3787495707495174
4925.405645699044,5.5066894857655555,3.4045967945370688
4926.894865525673,5.355573197700806,3.4659204767468372
4928.384085352301,4.846106060704452,3.9531920571408476
4929.873305178929,5.282890607009836,3.5651476650668643
4931.362525005557,6.191659476791449,3.4039349664961267
4932.851744832185,5.523402708514572,3.613723445516185
4934.340964658813,5.36185672453854,3.6925302595923255
4935.830184485441,5.91911561558865,3.5807410227362615
4937.319404312069,4.8708331632177995,3.7423177432303136
4938.808624138697,5.636482544661135,3.567629450297051
4940.297843965325,5.469426757830887,3.68311267217573
4941.787063791953,5.418697100264486,3.620592444582784
4943.276283618582,5.387449301617847,3.5184227457353625
4944.76550344521,6.043442941816857,3.4887000029929043
4946.254723271838,6.121250024295234,3.432562767288886
4947.743943098467,5.560994811399577,3.6102616605027817
4949.233162925095,5.462969066191701,3.681459414631178
4950.722382751723,5.581545134452837,3.5236507962970114
4952.211602578351,6.47529834887447,3.431377485615179
4953.700822404979,5.147348393033892,3.664703699605216
4955.190042231607,6.142274583558033,3.4759394411478493
4956.679262058235,5.8749452142778456,3.4537541171387516
4958.1684818848635,5.820529665789964,3.635034886627822
4959.657701711491,6.480296518203038,0.0
4961.146921538119,6.302403478987241,0.0
4962.636141364748,5.436845454617589,0.0
4964.125361191376,6.236527676848642,0.0
4965.614581018004,5.950702104108117,0.0
4967.103800844632,5.411636354592647,0.0
4968.59302067126,5.9697088922293995,0.0
4970.082240497888,5.780151024084519,0.0
4971.571460324516,6.424631155407867,0.0
4973.060680151145,6.012916427802626,0.0
4974.549899977773,5.710366437416608,0.0
4976.039119804401,5.808014621802315,0.0
4977.528339631029,5.800447278080571,0.0
4979.017559457658,5.8343086360418805,0.0
4980.506779284286,5.850857204990894,3.2813070265200226
4981.9959991109135,6.49204278570863,3.2512476066533176
4983.4852189375415,6.40234990681522,3.243720376165683
4984.9744387641695,5.90872374287223,3.4014343399031013
4986.463658590797,5.562671325781847,3.5263881344528096
4987.952878417426,6.169935484112416,3.3305990543730006
4989.442098244054,6.068179935497847,3.4219351132152735
4990.931318070682,6.744512728272915,3.2983600856341093
4992.42053789731,5.992564123491512,3.3136873595931804
4993.909757723939,5.873143595887351,3.4719239958445702
4995.398977550567,5.776016530477465,3.491816951962012
4996.888197377195,5.494525074541973,3.533459097512367
4998.377417203823,5.658850462644364,3.68345814896454
4999.866637030451,5.823945019254215,3.663944805547137
5001.355856857079,5.706502858489558,3.7070241917747397
5002.845076683708,5.889342523060086,3.629251668441902
5004.334296510336,6.683722795477845,3.4007568721388677
5005.823516336964,6.553746524607695,3.453786827296849
5007.312736163592,5.882605263007606,3.6865538820720087
5008.80195599022,6.069058599052148,3.682918278672328
5010.291175816848,6.570330471211651,3.5165510663216315
5011.780395643476,6.9058854307581425,3.276206242951365
5013.269615470104,6.415026284172473,3.5371131498651422
5014.758835296732,6.943811480659575,3.4163548268667783
5016.24805512336,6.119732277549948,3.623226319293764
5017.737274949989,6.577921769228782,3.5606891186316263
5019.226494776617,6.63700740341432,3.353442244963509
5020.715714603245,6.9071572660413585,3.3702087576324455
5022.204934429873,6.708908070638507,3.4129447899518306
5023.694154256502,6.1889026626467425,3.5337292073786286
5025.18337408313,6.487413379664775,3.54398827865786
5026.672593909758,6.027226574483834,3.7155399363122297
5028.161813736386,6.294953960295557,3.6575432219363493
5029.651033563014,6.337347988408003,3.6250146459949715
5031.140253389642,5.744466737502203,3.767044827911338
5032.6294732162705,6.598454953870741,3.452689132220536
5034.1186930428985,6.734906436657361,3.5174273093999933
5035.607912869526,6.252509100570724,3.613355850603822
5037.097132696154,6.387799530420608,3.5745217988814133
5038.586352522783,6.847822474063887,3.3255361567138673
5040.075572349411,6.390121295839939,3.462236311190004
5041.564792176039,6.598717406117467,3.56991402664174
5043.054012002667,6.556145236420551,3.6039695517264247
5044.543231829295,6.8634389832666365,3.4293625483854813
5046.032451655923,7.177216941536534,3.1663213149800606
5047.521671482552,6.174484191287749,3.495600482582218
5049.01089130918,6.953552940155005,3.321831469292385
5050.500111135808,6.842590298950679,3.397846489415682
5051.989330962436,6.9413190503905255,3.4255682461039307
5053.478550789065,7.2409712204063075,3.371499356554633
5054.967770615693,6.531948261337469,3.58303169103661
5056.456990442321,6.582525334810859,3.5661271725146726
5057.946210268949,7.644756866249156,3.304093150093673
5059.4354300955765,7.944208358647811,3.252754800604413
5060.9246499222045,7.1185566346802895,3.428815603396195
5062.413869748833,7.634555653670804,3.200508314920337
5063.903089575461,7.592683416607463,3.3367041126143016
5065.392309402089,7.070555055556064,3.395411526739524
5066.881529228717,7.528895617920233,3.381978915176999
5068.370749055346,8.294850616207256,3.062004390795674
5069.859968881974,8.369789150260626,3.0100420764971387
5071.349188708602,7.7656828801415685,3.065756712711304
5072.83840853523,8.076011987468574,3.0522850703674393
5074.327628361858,7.799346586887365,3.0575643912915473
5075.816848188486,7.75689969863678,3.188954716359749
5077.306068015115,7.9184652790153685,3.1557362699048825
5078.795287841743,7.7479231251031715,3.1206131843655016
5080.284507668371,7.9128682965559,3.1507880253453506
5081.773727494999,8.094245482909612,2.99473754305612
5083.2629473216275,7.673841808069654,3.167700918726844
5084.7521671482555,8.211898544865708,2.972290532135153
5086.241386974883,8.036627189084445,3.1369144895463985
5087.730606801511,7.955733092698796,2.9811977572956287
5089.219826628139,7.343838851246441,3.198433387213389
5090.709046454767,7.398755286634026,3.2661779547469902
5092.198266281396,7.665441348440467,3.2951896251831223
5093.687486108024,7.008591885079059,3.3267804070296174
5095.176705934652,7.2910705099661435,3.364295884655918
5096.66592576128,7.240335275235739,3.406853401153976
5098.155145587909,7.6238376382538915,0.0
5099.644365414537,7.514684655878326,0.0
5101.133585241165,7.830384538544888,0.0
5102.622805067793,8.020577120012083,0.0
5104.112024894421,7.753329487201811,0.0
5105.601244721049,7.300307019785947,0.0
5107.090464547677,8.056685239639481,0.0
5108.5796843743055,8.08900656498617,0.0
5110.0689042009335,8.060068854371563,0.0
5111.5581240275615,8.042555463681644,0.0
5113.04734385419,8.437860341913865,0.0
5114.536563680818,6.978687696143789,0.0
5116.025783507446,7.079964667587008,0.0
5117.515003334074,7.167840859750076,3.430174855621084
5119.004223160702,7.394388023986568,3.367157288426874
5120.49344298733,7.1405580306535095,3.4928197780142716
5121.982662813958,7.597551857822733,3.359890195903223
5123.471882640587,7.2458100686429425,3.6045916210771773
5124.961102467215,6.720741611982528,3.8050724816486894
5126.450322293843,7.497892664278564,3.5016409998426865
5127.939542120472,7.730228320099456,3.47785339880647
5129.4287619471,7.59301178575079,3.4617597514464653
5130.917981773728,7.192402142304627,3.5058095020729128
5132.407201600356,7.019026053300287,3.510957012806665
5133.896421426984,6.822182526512307,3.539229000786556
5135.3856412536115,6.64170419570887,3.5339127031117084
5136.8748610802395,7.127062560023813,3.2755706119334693
5138.364080906868,7.04279590867796,3.4439533037046828
5139.853300733496,7.0152840100429135,3.3420952132636357
5141.342520560124,7.287955473448351,3.4046712348961483
5142.831740386753,6.907591891501569,3.364081521779787
5144.320960213381,6.19212479997633,3.7525989850633823
5145.810180040009,5.877645739866995,3.7833333291529128
5147.299399866637,6.42885382165029,3.6439035022963613
5148.788619693265,5.719719243671627,3.839819910196838
5150.277839519893,5.759142718402084,3.8167413014378764
5151.767059346521,6.530194219464457,3.6696412270865286
5153.25627917315,6.718888388989096,3.5517513080308674
5154.745498999778,6.579184360609294,3.6157212037011655
5156.234718826406,5.7067355647120745,3.8692251781486484
5157.723938653034,6.181611920110492,3.7362406200682514
5159.2131584796625,5.704325740140182,3.0587170813528113
5160.7023783062905,4.100679331925256,3.4513558853013357
5162.191598132918,6.5647809146897105,2.8105837418723953
5163.680817959546,6.664758795509152,3.2726692589156747
5165.170037786174,6.418061858648684,3.7936748324200913
5166.659257612802,6.121477086918088,3.920819826031406
5168.148477439431,6.021209394675881,4.060761653397945
5169.637697266059,6.0016569074363115,4.015067992187773
5171.126917092687,6.120973833145032,4.106827392124078
5172.616136919315,5.664642181243429,4.363444719160411
5174.105356745944,5.455591113422568,4.506666786436044
5175.594576572572,5.884509467632825,4.074316571798436
5177.0837963992,5.633470271769106,3.9069976232743286
5178.573016225828,5.34801040433476,4.196418050696484
5180.062236052456,5.308529537172552,4.297452212485268
5181.551455879084,5.419678717104998,4.3368818301813
5183.040675705713,5.420074730645647,4.367729278354325
5184.529895532341,5.511080458510951,4.321060210190492
5186.0191153589685,5.355068739734181,4.5058615746180095
5187.5083351855965,5.815826012484391,3.9630374494166456
5188.997555012225,5.472061525533336,4.103276439001131
5190.486774838853,4.7791673369132965,4.597540482458306
5191.975994665481,5.492304806136939,4.307084806891754
5193.465214492109,5.99427850274959,4.077809942052069
5194.954434318737,5.412209191437271,4.273652873558053
5196.443654145365,6.053253219380564,4.121023895569791
5197.932873971994,5.241333363637877,4.071382108611334
5199.422093798622,4.863853993876945,4.099222248951068
5200.91131362525,5.231385359135372,4.177889818660893
5202.400533451878,5.673770829344432,4.0202738001573
5203.889753278507,5.054257144680453,4.412680723484187
5205.378973105135,4.454830117267534,4.846033922553227
5206.868192931763,4.865847292469142,4.682162395267156
5208.357412758391,4.9708923761588455,4.6653386760313404
5209.846632585019,4.921747853782451,4.499382932714784
5211.335852411647,4.71350204297875,4.686008368938047
5212.825072238275,5.300141381822082,4.461074344142046
5214.314292064903,5.247170150759347,4.1544172076032275
5215.803511891531,5.179749923731156,4.439651674279543
5217.292731718159,5.093256638490612,4.530129364210649
5218.781951544788,4.812720354020789,4.5974271830542195
5220.271171371416,4.974004827259345,4.29318199352512
5221.760391198044,4.330906700613665,4.989224357738508
5223.249611024672,4.570308778032869,4.55429958986828
5224.7388308513,4.7886001306935135,4.385628822588538
5226.228050677928,5.04370153406132,4.411965299772879
5227.717270504557,4.693214322145301,4.796909131792645
5229.206490331185,5.552058630192477,4.590693881271092
5230.695710157813,4.975843747962711,4.584965939404416
5232.184929984441,5.157303131154711,4.48542071896663
5233.67414981107,4.529844584206962,4.985701625232927
5235.1633696376975,4.556410723141658,4.920217100357395
5236.6525894643255,5.13582141662873,4.3475126307487795
5238.1418092909535,4.680315672737652,4.708821968161618
5239.631029117581,4.9197350814899465,4.349808640326482
5241.120248944209,4.380185807703805,4.244567096871113
5242.609468770838,5.223470600924098,4.321610837259401
5244.098688597466,4.819984627867387,4.698727191725461
5245.587908424094,4.905216326067649,4.730894483060865
5247.077128250722,5.097948347191877,4.798061990143106
5248.566348077351,4.321963687917634,4.953978032384433
5250.055567903979,4.817125356564163,4.6096344267799605
5251.544787730607,5.21697462133321,4.300407498300901
5253.034007557235,5.122082541296784,4.28733895244028
5254.523227383863,4.831565826028639,4.671730045966651
5256.012447210491,5.290848013339155,4.2006080040994105
5257.50166703712,5.178438590333194,4.0539040790508665
5258.990886863748,4.468990285113328,4.398479773694476
5260.480106690376,4.510669230804692,4.868674993514296
5261.9693265170035,5.114666753078943,4.5970282729270195
5263.458546343632,5.329550539420277,4.440589580274062
5264.94776617026,5.169818710211937,4.570709687431807
5266.436985996888,4.803769617173857,5.148047675777564
5267.926205823516,4.806133291072,4.989825828987347
5269.415425650144,4.598463981187112,5.0309958158661985
5270.904645476772,4.657956213851392,4.9648791187926316
5272.393865303401,4.241858504943901,4.954715640959619
5273.883085130029,4.691331254825177,4.89405740043589
5275.372304956657,4.854573426668599,4.683678645530638
5276.861524783285,5.421518404074404,4.242288369382699
5278.350744609914,4.429402967110825,4.921222044616971
5279.839964436542,4.98455588220691,4.539020085924662
5281.32918426317,4.908094381592499,4.781611233139991
5282.818404089798,4.4160246597034005,5.0442802894421135
5284.307623916426,4.694739014977338,5.082963035589272
5285.796843743054,4.576388254959577,4.994182215650175
5287.286063569682,4.957478478191666,4.493246650834304
5288.77528339631,4.632430082463247,4.727173614646114
5290.264503222938,4.077038724167375,5.230453008390834
5291.753723049566,4.5326890767175305,4.862871350600857
5293.242942876195,4.263612460568654,4.901737433160747
5294.732162702823,4.485652681267737,4.973094745208038
5296.221382529451,4.57059903863896,4.773268425748057
5297.710602356079,4.727937609631578,4.692035810949522
5299.199822182707,4.332194606810547,4.933957318770952
5300.689042009335,4.818451723748639,4.760522559150317
5302.178261835963,4.377000748908658,4.899023967482156
5303.667481662592,4.270942122443179,5.281810997969863
5305.15670148922,4.249936374386864,4.868202033586662
5306.645921315848,4.753914816770391,4.769996555141788
5308.135141142477,4.31078402865399,5.0885400984938265
5309.624360969105,4.870688382306733,4.754800909671133
5311.113580795733,4.6353497410589934,4.517912352479445
5312.6028006223605,4.528511890071959,4.67969048867513
5314.0920204489885,3.9821017758279664,5.132233450203742
5315.581240275616,3.9821255657540062,5.074931624995125
5317.070460102244,4.765244361608144,4.653644771789221
5318.559679928873,5.332589302585263,4.400389252079359
5320.048899755501,5.226826857263673,4.201174649228468
5321.538119582129,5.311956515675233,4.15259421582733
5323.027339408757,4.753056944332519,4.493478697808719
5324.516559235386,3.9725420451999267,5.072092944971743
5326.005779062014,4.642648628877504,4.619529092930712
5327.494998888642,4.803232874184829,4.782098527802166
5328.98421871527,4.4506517183418435,5.098455838213322
5330.473438541898,4.1258451367606215,5.353756725970045
5331.962658368526,4.294789233681887,4.797150957349684
5333.451878195155,5.027226435019261,4.606391448995853
5334.941098021783,4.983830352567177,4.605112428547057
5336.430317848411,4.542251402084973,4.831623321034411
5337.919537675039,4.919848479558801,4.74820415486805
5339.408757501667,4.407549888177582,4.943138501256896
5340.897977328295,4.05634067892058,5.336940520162553
5342.387197154923,4.717989506354456,4.603860992400924
5343.876416981551,4.449395841636755,4.904115817895919
5345.365636808179,4.6494206678344225,4.776544255578687
5346.854856634807,4.472952947584156,4.890178141806493
5348.344076461436,4.674892959099222,4.687928905824698
5349.833296288064,4.778845680659853,4.663012987497281
5351.322516114692,4.600476181078632,4.642157056294993
5352.81173594132,5.134522065154352,4.393952926846841
5354.300955767949,4.748161411714265,4.589048316361921
5355.790175594577,4.538021005368086,4.576042809556434
5357.279395421205,4.572622452119465,4.601187617485458
5358.768615247833,4.732573708146105,4.743856129959225
5360.257835074461,4.54443083440719,4.687198974011778
5361.747054901089,4.071006278166786,5.081812347326415
5363.2362747277175,4.697049730209324,4.853868040767406
5364.7254945543455,4.432550632414554,5.218951398061095
5366.214714380973,4.468169444173937,4.94149960257157
5367.703934207601,4.638699605328606,4.658673094980774
5369.19315403423,4.13623389325358,4.626026925864118
5370.682373860858,4.430434458449132,4.5717912307224715
5372.171593687486,4.604219284643699,4.844390667236973
5373.660813514114,4.570965668955388,4.895249695144805
5375.150033340742,4.16397322994697,5.019216086841099
5376.63925316737,4.365771446663208,4.6699262534569534
5378.128472993999,4.475348922462391,4.834186896184911
5379.617692820627,4.059263543733062,5.170787021673841
5381.106912647255,3.891709311869843,5.141028327376741
5382.596132473883,4.233518767194481,4.958269446483669
5384.085352300512,4.561642649569239,4.694621924085131
5385.57457212714,4.672394410098938,4.72709879569652
5387.063791953768,4.553384558438806,4.888940045643222
5388.5530117803955,4.54147006641831,4.79302028088808
5390.0422316070235,4.171686998488513,5.10351017698955
5391.5314514336515,4.596312089852375,4.748702396438684
5393.02067126028,4.916227256720166,4.729524554193719
5394.509891086908,4.455410230073455,4.822790439333069
5395.999110913536,4.517925947745032,4.954571180729438
5397.488330740164,4.208538651681796,5.133024018698694
5398.977550566793,4.7315085185440315,4.913133473347107
5400.466770393421,4.633630781954364,4.909226992359137
5401.955990220049,4.23974437790504,5.00836670102542
5403.445210046677,4.476285701841498,5.010731830098594
5404.934429873305,4.292519473048047,5.4109782158529995
5406.423649699933,4.3251806329519304,4.953306223610562
5407.912869526562,4.637533121731711,4.88173412706873
5409.40208935319,4.837972807315473,4.903182079882412
5410.891309179818,4.969658450571806,4.7529124043632995
5412.380529006446,4.064511411589724,5.278255723007433
5413.8697488330745,4.176980881576031,5.153927131868823
5415.358968659702,4.478174867979263,5.119052970411187
5416.84818848633,3.954009510861,5.2209704508458845
5418.337408312958,4.277240210296352,4.9369522260739656
5419.826628139586,4.509883230492778,4.82465466963817
5421.315847966214,4.732789483576846,4.712664819713633
5422.805067792843,4.132788188002141,4.959785655704328
5424.294287619471,3.9453847499791186,5.100357820785201
5425.783507446099,3.961188101144514,4.929646045049209
5427.272727272727,4.006851636565116,4.905047333581856
5428.761947099356,4.792280909687286,4.622013061626202
5430.251166925984,4.199760147654612,5.096338053860146
5431.740386752612,4.606795280313526,4.885900055846654
5433.22960657924,4.738095050074124,4.656752944636137
5434.718826405868,4.194825742638581,4.898331710857442
5436.208046232496,4.724380245439228,4.576541119106808
5437.697266059125,4.523404820359682,4.7014897242769464
5439.1864858857525,4.93313307043505,4.416352650617398
5440.6757057123805,4.519991002239579,4.795592470717745
5442.164925539008,4.644656163496652,4.736929724770189
5443.654145365637,4.588439453488971,4.803120776759021
5445.143365192265,4.399311071884062,4.782449052171822
5446.632585018893,4.510338074615126,4.809167728696812
5448.121804845521,4.123700806968792,5.002356669909885
5449.611024672149,4.210187509748454,4.98386332578438
5451.100244498777,4.047051798632678,4.8689767078783746
5452.589464325405,4.641109755134263,4.68772775903055
5454.078684152034,5.142472475526801,4.619063753022872
5455.567903978662,4.459169747231298,4.968422830295948
5457.05712380529,4.6116874180567375,4.8974996678790275
5458.546343631919,4.562404226024783,4.876879048942923
5460.035563458547,4.404411981022895,3.886549954921328
5461.524783285175,4.333437494113236,3.117519075579762
5463.014003111803,4.014954195742925,3.1595658149674413
5464.503222938431,4.393277168530571,3.9667271000450155
5465.9924427650585,4.4033826066585675,4.622127069064605
5467.4816625916865,4.819163989931348,4.706238503722493
5468.970882418315,4.267461212603509,5.013680804945587
5470.460102244943,4.768415874156355,4.8420163888393715
5471.949322071571,4.179107740989445,4.931835762768722
5473.4385418982,4.711380584016336,4.819288775114671
5474.927761724828,4.351583691832873,5.015972547760915
5476.416981551456,4.551670300644515,4.8367913352162155
5477.906201378084,4.66502466694851,4.925287492391408
5479.395421204712,4.807039035390936,4.416376788779732
5480.88464103134,4.511999701974875,3.7802257073732255
5482.373860857968,4.706805533839435,4.373108061941677
5483.863080684597,4.152892647645863,3.8614291930950024
5485.352300511225,4.339506609091454,3.6118932910437045
5486.841520337853,4.462591558530109,4.724029975632333
5488.330740164481,4.809416470555552,4.691932306068739
5489.8199599911095,4.89381630130678,4.6725418354837425
5491.3091798177375,5.204690146676915,4.550085204460764
5492.798399644365,4.919946768795743,4.700239317936758
5494.287619470993,4.704937272279373,4.775316331626653
5495.776839297621,4.093178745324188,5.299650928753606
5497.266059124249,4.058420316162673,5.221495011613376
5498.755278950878,4.071068290286572,5.109691781738148
5500.244498777506,3.984451831001602,4.934022794363609
5501.733718604134,4.4863002857674905,5.0126221077698725
5503.222938430762,4.413920854459568,4.859455168792031
5504.712158257391,4.76418723694792,4.670550608482845
5506.201378084019,4.732435968956872,4.850841286039765
5507.690597910647,4.806625262312902,4.564819190957541
5509.179817737275,4.546490798768387,4.9822687091242095
5510.669037563903,4.363312135137271,4.8400207864871305
5512.158257390531,4.61981788554188,4.704051410026014
5513.64747721716,4.7052270759742845,4.743054000535077
5515.1366970437875,4.654427800142056,4.856655396343684
5516.6259168704155,4.315592798386305,4.946816881314762
5518.115136697043,4.327123620252228,5.020417934342878
5519.604356523672,4.651990144768582,4.878812342492162
5521.0935763503,4.709865526842347,4.687907263754684
5522.582796176928,4.751501041967397,4.776468111946831
5524.072016003556,4.730823556612602,4.816939552194064
5525.561235830184,4.5583384035682135,4.906114336632995
5527.050455656812,4.0866042439255486,5.126339791624331
5528.539675483441,4.510298216886637,4.897521822553145
5530.028895310069,5.0289171419868035,4.853442923592299
5531.518115136697,4.132495370152164,5.260031194937177
5533.007334963325,4.538460364511499,5.085510300652712
5534.496554789954,4.524142557558984,4.874819331457534
5535.985774616582,4.84026132841988,4.744350120395014
5537.47499444321,4.323723753303328,5.243148852596286
5538.964214269838,4.4444435030849165,5.113838914286599
5540.453434096466,4.569608634029238,4.9898625104275345
5541.9426539230935,4.8977761273338265,4.653993703815666
5543.431873749722,4.823797266608477,4.574208780641116
5544.92109357635,4.825157532797799,4.45036413260541
5546.410313402978,4.773150242045824,4.646264749551521
5547.899533229606,4.177370964105086,4.7935690343753965
5549.388753056235,4.499597396079087,4.8385890456837615
5550.877972882863,4.676240882474329,4.464889858625272
5552.367192709491,4.345552329463288,4.731116102620558
5553.856412536119,4.633376490514581,4.953299135969563
5555.345632362747,5.364004154262442,3.438709309023836
5556.834852189375,5.727803831368919,3.5381648617348382
5558.324072016004,4.996835425310056,4.757863267850156
5559.813291842632,3.751848996165391,5.508643591701534
5561.30251166926,4.583912035320701,5.13284823544147
5562.791731495888,4.746081924796868,4.767302516796426
5564.280951322517,4.415135732490663,4.938101494169509
5565.7701711491445,4.582488559983523,4.545819366220651
5567.2593909757725,4.539882972868145,4.94474368517105
5568.7486108024,4.528352484883655,4.79897546311509
5570.237830629028,4.898416227765458,4.482879851440274
5571.727050455656,5.41542424465236,4.3204162410518885
5573.216270282285,4.197848574878792,3.193727880958733
5574.705490108913,5.006756423027096,1.2005693151694283
5576.194709935541,5.760309060451451,0.0
5577.683929762169,6.5131775023346705,0.0
5579.173149588798,7.266812930703409,0.0
5580.662369415426,8.018965939558361,0.0
5582.151589242054,8.692945405578135,0.13611262975916172
5583.640809068682,4.661778259309149,2.4013531273410633
5585.13002889531,4.665286210802967,4.288376264261183
5586.619248721938,4.773834643833493,4.521821226714094
5588.108468548567,4.2141989113882685,4.852767553180624
5589.597688375195,4.6827864987365,4.57194279738246
5591.086908201823,4.325211848157868,4.295152046634731
5592.5761280284505,4.718986646364492,4.550396794326847
5594.065347855079,4.733849497462045,4.852056305025393
5595.554567681707,4.3750604260261925,4.898098370578067
5597.043787508335,4.663919560779534,4.760458380369282
5598.533007334963,4.633077912318711,4.772577155887362
5600.022227161591,4.677223180280498,4.811755069170269
5601.511446988219,4.597141114983621,4.796722827332585
5603.000666814848,5.185283195509552,4.8132708788351
5604.489886641476,5.029852488188882,4.561261247536793
5605.979106468104,4.523722712981733,4.6927526956954
5607.468326294732,4.178907751845151,4.796966067553037
5608.957546121361,4.948154593757663,4.792930695676521
5610.446765947989,4.435561044572109,3.6751339760219306
5611.935985774617,4.436807403719998,3.9551750653827553
5613.425205601245,4.689136787625962,3.6625802258782825
5614.914425427873,4.24266258766869,4.439424958720535
5616.403645254501,4.699500692774789,4.9347304183425695
5617.892865081129,4.566952471484271,5.050376875514833
5619.382084907757,3.988617901184535,5.239406705869407
5620.871304734385,4.207266818947019,5.028959994813301
5622.360524561013,4.9899409196719455,4.468323811247197
5623.849744387642,4.567941873338436,4.5992715746639545
5625.33896421427,4.756921819830172,4.534685660423629
5626.828184040898,4.489058254234983,4.8242543416255605
5628.317403867526,4.570475572817599,5.062515270675562
5629.806623694154,3.797866359731849,5.305823658696339
5631.295843520782,4.495968598624168,5.107842531119188
5632.78506334741,4.724483771540457,4.856738675954613
5634.274283174039,4.883064036074877,4.696472071511192
5635.763503000667,5.059989037780032,4.7015579375997705
5637.252722827295,4.573116041939785,4.928404452629536
5638.741942653924,4.344156203271107,4.978787018462352
5640.231162480552,4.727099783155179,4.763830625891027
5641.7203823071795,4.297288908822659,4.658722129198296
5643.2096021338075,4.266346452600228,5.174335501270736
5644.698821960435,4.366579742584735,4.975375464406638
5646.188041787063,4.109098079602819,5.0122053853188016
5647.677261613691,4.224368807201532,4.737504883525124
5649.16648144032,4.2370711878886596,4.831562390774448
5650.655701266948,3.9576647048945617,5.20583004665154
5652.144921093576,3.6777759013335403,5.638365901527395
5653.634140920205,4.192258996066032,5.243576019196138
5655.123360746833,4.8630674204567175,4.842766409098503
5656.612580573461,3.8909187076073457,5.244980918401336
5658.101800400089,3.5695696256160567,5.324563932210819
5659.591020226717,3.84105585774843,5.173183812668191
5661.080240053345,4.21316979766545,5.270484288907142
5662.569459879973,4.180463289687649,5.180244889671923
5664.058679706602,4.5386240895064525,4.9199946619832
5665.54789953323,4.230762801523341,5.052364908215945
5667.037119359858,4.116070724187941,4.943636205791245
5668.526339186486,4.5699832913442755,4.473071436213086
5670.015559013114,4.329808976548138,4.677273535512734
5671.504778839742,3.8379598248933813,4.8677447611349445
5672.99399866637,4.0989200452417665,4.847519159764226
5674.483218492998,4.276676401454236,4.585497335426287
5675.972438319626,4.293931634004815,4.514772813015755
5677.461658146254,3.9508053979897224,4.695999310474154
5678.950877972882,3.571566200474624,5.076984188287272
5680.440097799511,3.319398226632015,5.030005125849669
5681.929317626139,4.312652010614158,4.358417498629204
5683.418537452768,4.811583960756004,3.8035175205902494
5684.907757279396,3.393814055461048,4.212036455357457
5686.396977106024,4.564061635153469,3.845526138641976
5687.886196932652,4.915483531619962,3.711571539631495
5689.37541675928,4.498453976682111,3.74701974685714
5690.864636585908,3.715412231835935,3.8990507889188324
5692.353856412536,4.4541431462232595,3.7667867821857053
5693.843076239164,3.893289190869263,3.890774125513238
5695.332296065792,3.7597414200601285,4.176995168204694
5696.82151589242,4.669882841317685,4.257545491156948
5698.310735719049,4.108716199476831,4.3934434512445355
5699.799955545677,4.060031373825009,4.625034111594794
5701.289175372305,3.8035953148167003,4.622960918091603
5702.778395198933,3.643124504560518,4.454016487970866
5704.267615025561,4.9085716131899035,4.1814999616442545
5705.756834852189,4.912119695036994,4.1219340089179
5707.246054678817,3.6136396886043314,5.270767497027988
5708.735274505445,3.6519719269127724,5.126819416038377
5710.224494332074,4.310699517888519,4.791522915561532
5711.713714158702,4.2257124145197835,4.671116670547724
5713.202933985331,4.163876118695844,4.784488387485512
5714.692153811959,4.116455518781621,4.6295880400078735
5716.181373638587,4.326911490798489,4.729915314574353
5717.670593465215,3.9507786504804634,4.747336905403074
5719.1598132918425,4.490362680363566,4.523172446196756
5720.6490331184705,4.255913862481706,4.613877121651663
5722.138252945098,4.292744011407723,4.618302711878502
5723.627472771726,3.906259445324456,4.779875516553334
5725.116692598355,4.1667816193636105,4.734216897415818
5726.605912424983,4.0595992177075235,4.770051505279763
5728.095132251612,3.882334280668682,4.828549143950399
5729.58435207824,4.355042927236882,4.957122583706083
5731.073571904868,4.379742493153984,4.627889819135033
5732.562791731496,3.686302859859981,4.756735222894699
5734.052011558124,3.5600098073594757,5.096403251421345
5735.541231384752,3.749463528985356,5.050379577821406
5737.03045121138,3.7403258942073143,5.242159481656298
5738.519671038008,3.882262768496536,4.921445753996133
5740.008890864637,3.9698569399027175,5.168259904418619
5741.498110691265,3.445334525384205,5.409245399625364
5742.9873305178935,4.1281924926409195,4.9138579098995825
5744.4765503445215,3.7259894796977435,5.105229386091722
5745.965770171149,3.1694694764633895,5.326699924197509
5747.454989997777,3.7636914414282963,4.9628945695935185
5748.944209824405,3.9104609385800924,4.7474259456709555
5750.433429651033,4.094950356277772,4.695571764735453
5751.922649477661,4.575553597012654,4.6331142758142985
5753.411869304289,4.09706281110619,4.4616444775806
5754.901089130918,4.122314518411988,4.634995586923273
5756.390308957546,4.791157340104428,4.410969741652872
5757.879528784175,4.618457825212628,4.7066448211706815
5759.368748610803,3.99069471307061,4.922960416953723
5760.857968437431,3.4613720722451133,4.96447831156178
5762.347188264059,3.776998504045367,4.9398550204217875
5763.836408090687,4.156806459974516,4.69970588076808
5765.325627917315,3.507526669890244,5.140360769798066
5766.814847743943,3.8810640097288163,4.574199831565765
5768.304067570571,3.625258390527619,4.376753217864415
5769.7932873971995,3.8637189376405994,4.121839849197136
5771.282507223827,4.064141014790752,3.9830346228636944
5772.771727050455,3.651077342217793,3.517223641560867
5774.260946877084,3.377346467800677,3.744043409765424
5775.750166703712,3.8527229374123118,4.665735919250976
5777.23938653034,4.148613461211342,4.6881081532828075
5778.728606356968,4.1159711274265485,4.544509194376263
5780.217826183596,3.993696279902183,4.670092217623644
5781.707046010224,3.532783645639332,5.0497456292504905
5783.196265836852,3.3807235320226012,5.221424455845623
5784.685485663481,4.183413874428415,4.652563492459212
5786.174705490109,4.674497776159008,4.415339250631473
5787.663925316737,3.381887465017287,5.050309455694552
5789.153145143366,3.2985834222578516,4.850693696819593
5790.642364969994,3.336589684815836,4.317089337790752
5792.131584796622,3.5755940819829384,4.154560839449585
5793.62080462325,3.554578851927989,4.361561741860602
5795.1100244498775,3.282996249042663,4.772337527579081
5796.5992442765055,3.3846041224459373,4.863140991366937
5798.088464103133,3.4334567918363277,4.6953057419250674
5799.577683929762,3.12867882582807,5.229163414614836
5801.06690375639,3.675047744695734,4.495958442948349
5802.556123583018,4.335824407103645,4.473174350144799
5804.045343409647,3.9222177664499633,4.591445590878306
5805.534563236275,3.8367514027727716,4.635633383114447
5807.023783062903,4.012507543912684,4.75540743707375
5808.513002889531,3.9198132840401776,4.657873662769854
5810.002222716159,3.9344097068263766,4.600300063678335
5811.491442542787,3.9425918563858304,4.618334976006624
5812.980662369415,3.696686653731715,4.865545807322401
5814.469882196044,3.434938383942929,4.551979443130274
5815.959102022672,3.853244071324551,4.323530797725758
5817.4483218493,3.8529744176667555,4.439499402174609
5818.9375416759285,3.15914180172186,5.085320547818884
5820.4267615025565,3.9653843631751733,4.650065918587569
5821.915981329184,4.3600384991895975,4.20791318609613
5823.405201155812,3.2164410220735715,4.75707641133443
5824.89442098244,3.181934467819492,4.743858090357938
5826.383640809068,4.024905507563256,4.511756436866237
5827.872860635696,3.8687083559484954,4.39292971949267
5829.362080462325,3.51568655839973,4.568044577303465
5830.851300288953,3.675092794441223,4.73046151284836
5832.340520115581,4.141778374314138,4.341159807198867
5833.82973994221,3.8621886265863568,4.480956250521761
5835.318959768838,3.9843900250515167,4.281143413434689
5836.808179595466,4.056099630259919,4.242788843645124
5838.297399422094,4.723188833135941,4.106813328674314
5839.786619248722,4.512826967413544,4.463664871820237
5841.27583907535,3.965010574677414,4.342290930446812
5842.765058901978,3.8204138067270432,4.552939263987218
5844.254278728607,3.6693337562282338,4.691239707086624
5845.7434985552345,4.406779304882536,4.315949043287135
5847.2327183818625,4.44845734457499,4.159868063966727
5848.721938208491,3.7016715052551206,4.4433286501116065
5850.211158035119,4.203607723419159,4.329955891912022
5851.700377861747,3.8291165668410097,4.467437953581919
5853.189597688375,3.752170598930583,4.58031216278787
5854.678817515003,4.04150299549917,4.413877167006427
5856.168037341631,3.8072154091222155,4.240708812419347
5857.657257168259,3.704583976318161,4.45587009314181
5859.146476994887,3.593317288317367,4.602358124663832
5860.635696821516,3.5320670640405405,4.550041646983745
5862.124916648144,3.9278349422308056,4.3081561429267206
5863.614136474773,3.197847581777842,4.387863139009227
5865.103356301401,2.7263892766125304,4.315982271502176
5866.592576128029,3.8818487557782158,3.723327973329262
5868.081795954657,3.626668518433036,3.479664019171364
5869.571015781285,3.8548033719853523,3.3997360596568993
5871.060235607913,3.9321954735969182,3.7154788724727634
5872.5494554345405,4.283939788452097,3.9804005537541842
5874.0386752611685,3.6704120178470308,3.8958485465163064
5875.527895087797,3.2598376649784457,3.3056286072531105
5877.017114914425,3.570521289096831,3.922456166415408
5878.506334741054,3.638666081763132,4.3554286621662035
5879.995554567682,3.8184970518229955,4.500644259123653
5881.48477439431,3.6692041735907464,4.507217264675699
5882.973994220938,3.6140222588918944,4.29775490617453
5884.463214047566,4.701993172719202,3.8876095678723783
5885.952433874194,3.884034675428417,4.24816425880306
5887.441653700822,3.534427265436481,3.9517980882026897
5888.93087352745,4.598352677230027,2.074808557156284
5890.420093354079,3.0990014893305267,1.0452877020432998
5891.909313180707,1.924723227079411,0.8288366610405661
5893.398533007336,3.80823521836788,1.3846564120769111
5894.8877528339635,5.239860657405925,1.996689654454395
5896.3769726605915,3.3123875633075657,1.5323305945330166
5897.866192487219,2.2469646597220336,1.5742008507710357
5899.355412313847,4.162466828130013,2.604530918641345
5900.844632140475,4.325235437194441,3.9105820305600183
5902.333851967103,3.829133133461364,4.239687243975858
5903.823071793731,3.3157037872894426,4.532524264710351
5905.31229162036,4.040921670654773,4.00305152482923
5906.801511446988,3.9743351460714744,3.9238200742004254
5908.290731273617,3.65914775858243,3.9808109789955988
5909.779951100245,3.3803908300366943,4.055679319948561
5911.269170926873,3.0566453295765186,4.167182676574697
5912.758390753501,3.6039442389548038,4.306312366098397
5914.247610580129,3.853981192289785,3.899814141116695
5915.736830406757,3.4176301415393326,3.4831460886331294
5917.226050233385,3.605731093117215,3.2139488819558464
5918.715270060013,3.448660007083518,3.6572358810635714
5920.204489886642,3.5034402327006573,4.1529364572496155
5921.6937097132695,3.833432817078981,3.9910933404395648
5923.182929539898,4.048778755620384,3.9775919032617253
5924.672149366526,3.5737672239113714,3.970341849508924
5926.161369193154,3.6653833070209876,3.8385936373060794
5927.650589019782,4.557711909119308,3.539624537862721
5929.13980884641,3.9756267880119998,3.8585328921436814
5930.629028673038,3.5199792739575875,3.9557960983287845
5932.118248499666,3.6083344698076467,3.6834185053041457
5933.607468326294,2.728205405729607,3.4251140126229225
5935.096688152923,3.5700186187613894,3.3462289313255287
5936.585907979551,3.4395301870600696,3.6946933717616335
5938.075127806179,3.2285120821291864,4.141881469113565
5939.564347632808,3.3887397874433645,4.0416133358420945
5941.053567459436,3.3052050444503767,4.118500995957049
5942.542787286064,3.367457533677814,4.214471021315156
5944.032007112692,3.3289848281338297,4.201650862137379
5945.52122693932,3.1009552560332456,4.338391210148344
5947.010446765948,2.986147531124529,3.8839412386106735
5948.4996665925755,3.2199151557418753,4.01695784298811
5949.988886419204,3.5764833948489883,4.05474723368633
5951.478106245832,3.5442765717587634,3.9955832357728727
5952.96732607246,3.821802837693467,3.690170467408773
5954.456545899089,3.803834054728504,3.185485720060468
5955.945765725717,3.432185135858654,3.3600778485812612
5957.434985552345,3.4470374071920924,3.8137125189929044
5958.924205378973,3.495378278923209,4.123525537368722
5960.413425205601,3.509559169040259,4.096669417413991
5961.902645032229,3.9489214266200396,4.0839317442356196
5963.391864858857,4.037111567121851,4.078691098799725
5964.881084685486,3.5879062574291414,4.025386387933928
5966.370304512114,3.8227580925872435,4.116404106376346
5967.859524338742,4.046870444013058,3.9744863910695454
5969.348744165371,3.479259576245336,4.087611021349711
5970.837963991999,3.2270587374479422,4.067479805643244
5972.3271838186265,3.8087044713661786,3.8470929115132284
5973.8164036452545,4.123917521134517,3.925608955314207
5975.305623471882,4.077345027536568,3.925593602862082
5976.79484329851,3.865178261243129,3.738149365324664
5978.284063125138,3.61843497766096,3.7362025208120135
5979.773282951767,3.6139753298681265,3.776306433612517
5981.262502778395,3.6449275006184827,3.961385147267535
5982.751722605023,3.541614972738219,4.129997941616277
5984.240942431652,3.418003181723365,4.248977467751632
5985.73016225828,4.34681141432811,3.8526208018588064
5987.219382084908,3.8906902265544887,4.055946355271121
5988.708601911536,3.320982562073624,4.332255783150575
5990.197821738164,2.959449595860094,4.6375161966752865
5991.687041564792,3.0563710664327814,4.3637830517980385
5993.17626139142,3.3073595222892958,4.339055581211496
5994.665481218049,3.010389198334202,4.1375075885908466
5996.154701044677,2.9585055995071836,3.9285508361563313
5997.6439208713045,3.154579643701761,4.285792111009437
5999.133140697933,3.7124226061224332,4.057119052562523
6000.622360524561,3.415980617712398,4.165183889125223
6002.111580351189,3.815583661508095,4.155990633670425
6003.600800177817,3.5584356381063262,4.156650829261206
6005.090020004445,3.2338516456272077,4.110535548857316
6006.579239831073,3.4851121975363495,4.071972072248893
6008.068459657701,3.9380321366351705,4.109232433793498
6009.55767948433,4.140768446100877,4.105508920848847
6011.046899310958,3.6535697223591783,4.335049217537626
6012.536119137586,3.368456737602632,4.470919584834776
6014.025338964215,3.918218863615422,4.217606063752082
6015.514558790843,3.6218826152279986,4.412149431443325
6017.003778617471,3.816197296047128,4.524747035852374
6018.492998444099,3.5876680980251843,4.4767967007255995
6019.982218270727,3.842505918821935,4.413410020470622
6021.471438097355,3.8808981798856608,4.25634950472112
6022.960657923983,3.2946642061223126,4.561090763001788
6024.4498777506105,3.7047502722948975,4.405705182613898
6025.939097577239,4.269322097442189,4.2696322929582635
6027.428317403867,3.8411566597622415,4.313874934163286
6028.917537230496,3.6553465857942644,4.257657971047667
6030.406757057124,3.9172092465632633,4.312860366578358
6031.895976883752,3.8989008697443905,4.342588401198598
6033.38519671038,3.501873975655147,4.297489468867631
6034.874416537008,3.5634963057396956,4.195263643087533
6036.363636363636,4.194994893168271,4.194980645969484
6037.852856190264,3.8972918350920467,4.295391075849615
6039.342076016892,3.0189517703761712,4.617006829478425
6040.831295843521,4.071796837752839,4.414684816781555
6042.320515670149,3.601162665186668,4.520994650014184
6043.809735496778,3.6489741688182296,4.545289540659414
6045.298955323406,3.7864485295194545,4.540426961247542
6046.788175150034,3.773922636373699,4.623520607573506
6048.2773949766615,3.8518824913732823,4.604066045701366
6049.7666148032895,4.043103978449823,4.466018720998326
6051.255834629917,3.672020565499588,4.513024755004433
6052.745054456545,3.1898898807034213,4.803877526534958
6054.234274283173,3.40415033539087,4.577337768430196
6055.723494109802,3.420707776300861,4.621006809037749
6057.21271393643,3.5424394136048507,4.766408470559528
6058.701933763059,3.73996957126644,4.524530359091593
6060.191153589687,4.008965348174469,4.240629518900804
6061.680373416315,3.5168685013967265,4.554781960517872
6063.169593242943,2.8855732998273176,4.367324530967642
6064.658813069571,3.125234225448003,4.002689796525916
6066.148032896199,3.3448826998202406,4.689146471747058
6067.637252722827,2.981511580920869,5.017865820809628
6069.126472549455,3.9767372146449014,4.401174059223904
6070.615692376084,3.886309138339467,4.389653610542293
6072.104912202712,3.6018601457130854,4.510919543204382
6073.5941320293405,4.023130763527318,4.490761365350234
6075.083351855968,4.09009407251227,4.552872348469693
6076.572571682596,3.509920024310622,4.807601481862355
6078.061791509224,3.0254255819131903,4.8636506597216025
6079.551011335852,3.0944461991821726,4.93083449676736
6081.04023116248,3.490781131728147,4.753811920146408
6082.529450989108,3.318114390819158,4.795206019821199
6084.018670815736,3.9442478746011345,4.533083083565658
6085.507890642365,3.7274414159894653,4.490249837135276
6086.997110468993,3.385071904845377,5.028999329825588
6088.486330295622,3.27563450894654,5.033434799138588
6089.97555012225,3.199607515968805,5.024959788372621
6091.464769948878,3.2302821335026124,4.901424208620104
6092.953989775506,3.4422221939782047,4.851242323336752
6094.443209602134,3.996200785374599,4.792203586050576
6095.932429428762,4.132035846317795,4.690057005640604
6097.42164925539,3.684589686896751,4.715981541937463
6098.910869082018,3.850778499315771,4.565690784065427
6100.4000889086465,3.6293792555915507,4.639787962014481
6101.889308735274,3.667271327159209,4.739072805834083
6103.378528561902,3.934272650354501,4.634748206415728
6104.867748388531,4.109654703347286,4.503873588248787
6106.356968215159,4.922001664304083,4.209389895351484
6107.846188041787,4.753273294449832,4.239809945047101
6109.335407868415,3.95139074741075,4.4791255471148945
6110.824627695043,3.702196210624444,4.490795940675743
6112.313847521671,3.5936074136160028,4.561846179341628
6113.803067348299,3.9744122017117687,4.206089098790489
6115.292287174928,4.171073957488844,4.193533830478759
6116.781507001556,3.6650188211555244,4.344067320771747
6118.270726828184,3.8199676426500693,4.543506521923261
6119.759946654813,3.463146645166185,4.824381421836798
6121.249166481441,3.803272060780559,4.647830063773753
6122.738386308069,4.012551861416355,4.740688444579002
6124.2276061346965,4.05121146188236,4.832421536388118
6125.7168259613245,3.678206824619286,4.864341891773321
6127.2060457879525,3.8103439411603435,4.730151319007271
6128.69526561458,3.9525357908924064,4.697277344390472
6130.184485441209,3.42384331749053,4.3289465886570255
6131.673705267837,3.458103556352334,4.080221028351541
6133.162925094465,3.7816502486067436,4.936009874629219
6134.652144921094,3.4116118269059554,5.126799908421976
6136.141364747722,4.055255663278209,4.851530188019698
6137.63058457435,4.082730867626872,4.418245052607734
6139.119804400978,3.8051698100516287,4.8433913186793225
6140.609024227606,3.986038190006934,4.61517847757482
6142.098244054234,3.7126301662125907,4.604885448448906
6143.587463880862,3.1299946971441983,4.792499633711672
6145.076683707491,3.611103603684577,4.697713835366099
6146.565903534119,3.688063593642999,4.677669322315593
6148.055123360747,3.5664347466296458,5.058700897312966
6149.5443431873755,3.335595893712321,5.144495967357067
6151.033563014003,3.1717805458889154,5.239171101777116
6152.522782840631,3.4178372306658154,5.145472504701716
6154.012002667259,3.4561019187034847,5.1034666067839
6155.501222493887,3.4911242359271215,5.131595612605817
6156.990442320515,3.864074288998674,4.912186847931793
6158.479662147143,3.7841896844966723,4.965432504299488
6159.968881973772,3.704319099211177,4.987294925487893
6161.4581018004,3.595126564944562,5.032023811010154
6162.947321627028,3.911867685814974,4.776236201540637
6164.436541453657,4.05839373064886,4.835166930908206
6165.925761280285,3.5819787532686096,5.168320833676053
6167.414981106913,3.6675713731259045,5.096531175989558
6168.904200933541,4.372803756770756,4.751026368348634
6170.393420760169,4.065865693142869,4.770529195779863
6171.882640586797,3.7930479700933857,4.594725778281897
6173.371860413425,3.9924897931239616,4.748351347210953
6174.8610802400535,4.370740718040498,4.667923593696938
6176.3503000666815,4.301945951201601,4.801043516018808
6177.839519893309,3.5291269702380514,5.065494363050965
6179.328739719938,3.267387028333247,5.186384077226855
6180.817959546566,3.7519259761274464,5.3286356816064675
6182.307179373194,3.6035254544314674,5.3152772041964145
6183.796399199822,3.6192789522148754,5.158666539264155
6185.28561902645,3.5828204619229465,5.142116839325096
6186.774838853078,3.4378128833599173,5.074408347560524
6188.264058679706,4.085806370245962,5.057310895822513
6189.753278506334,4.405473216418398,5.022078416665909
6191.242498332963,3.780025576641993,5.208598295993061
6192.731718159591,3.946475300430611,5.175812307093356
6194.22093798622,4.2342790951441875,5.050000748366697
6195.710157812848,3.5922381875462195,5.3520768720024465
6197.199377639476,3.456839167909324,5.3370883661206685
6198.688597466104,3.7995078439236467,5.162149658633261
6200.177817292732,4.005685175381218,4.648184639923182
6201.6670371193595,4.314800425817194,4.890439954928993
6203.1562569459875,4.0128811743689266,4.912905094423168
6204.645476772615,3.5174763067022714,4.979647004220916
6206.134696599244,3.752357665497583,5.076433844417267
6207.623916425872,3.3886690176521874,5.154135491401591
6209.113136252501,3.094405720572042,5.4714513764833725
6210.602356079129,4.013354038233625,5.35147724504571
6212.091575905757,3.9352332081873547,5.248780176419298
6213.580795732385,2.983951835423337,0.0
6215.070015559013,2.9279831760630293,0.0
6216.559235385641,3.5364926994179875,0.0
6218.048455212269,3.9015618503166687,0.0
6219.537675038897,3.9474812418548426,0.0
6221.026894865526,4.434546449496226,0.0
6222.516114692154,4.4595172694687655,0.0
6224.005334518783,3.8864384621999326,0.0
6225.4945543454105,4.059923118653429,0.0
6226.9837741720385,4.508490051857921,0.0
6228.472993998666,3.6087920078499987,0.0
6229.962213825294,3.9631968287576314,0.0
6231.451433651922,4.470805922714084,0.0
6232.94065347855,4.268958615531188,0.0
6234.429873305178,3.8049281943487836,4.92652437319465
6235.919093131807,3.3067887095896324,4.275928849395259
6237.408312958435,3.9429925039834637,3.7412643168389423
6238.897532785064,4.354043819993332,3.788010203616431
6240.386752611692,4.43115339141827,4.022003736952591
6241.87597243832,4.107113684938569,4.5796368902953954
6243.365192264948,4.164777805255949,4.364212487886779
6244.854412091576,4.804181718060801,4.180815729081635
6246.343631918204,4.320616212749066,4.6634373365788795
6247.832851744832,4.153644544971029,5.129338922862063
6249.32207157146,4.096500649208679,5.382552811432724
6250.8112913980885,3.7697052288807806,5.535123441644916
6252.3005112247165,3.6242705296836806,5.650034541389635
6253.789731051345,4.1957715975399505,5.4098163758826034
6255.278950877973,4.4565071629175526,5.135286480670042
6256.768170704601,3.8113784061473033,4.74241517323061
6258.257390531229,3.587182727161925,3.983124515837441
6259.746610357857,4.159877277471008,3.501815499079677
6261.235830184485,4.335585894768473,3.882605516036967
6262.725050011113,3.591089216617025,5.00530607670748
6264.214269837741,3.80223457925261,5.337393772483475
6265.70348966437,3.8530790633795844,5.01518521625064
6267.192709490998,3.6164808780888738,4.84939052029766
6268.681929317626,4.233086261485903,4.911736152449471
6270.171149144255,4.013436212415423,5.364345587609655
6271.660368970883,4.1764772424130046,5.433158066390266
6273.149588797511,4.225579582729208,5.4857627823958355
6274.638808624139,3.89684672819523,5.607475147237258
6276.128028450767,3.8564234027745745,5.401654586549474
6277.6172482773945,4.589010850560948,4.814980776964396
6279.1064681040225,5.182827866212956,4.544959450980718
6280.595687930651,3.4087640101879964,5.48711064073886
6282.084907757279,3.7580223093015945,5.575737785564486
6283.574127583907,4.378682331388884,5.327884953834074
6285.063347410536,4.367685124838816,5.46088973202117
6286.552567237164,4.121494651182794,5.048555205288919
6288.041787063792,4.124006267137731,4.341381599642327
6289.53100689042,4.619704741285869,4.052883860468385
6291.020226717048,4.1117640450310295,4.774493553368322
6292.509446543676,3.7285564349176825,5.7691099857788934
6293.998666370304,4.199261208178138,5.723988492441045
6295.487886196933,4.414450585995127,5.840942651944585
6296.977106023561,4.011333161805134,5.422338885124774
6298.466325850189,4.5026080564661175,3.8395416286225004
6299.955545676818,4.378229047341917,2.160283097274234
6301.4447655034455,3.4222603892062757,1.2435621968105084
6302.9339853300735,3.5362392690036146,1.2902259078010925
6304.423205156701,3.763635714480407,2.5196637080297153
6305.912424983329,3.7288946606902695,3.6029919407671063
6307.401644809957,3.9570118594714696,3.9251327044489495
6308.890864636585,3.9295114103551443,4.097855339087034
6310.380084463214,4.2046597444406215,4.460975623609865
6311.869304289842,4.1303141992902335,5.391356973835074
6313.35852411647,3.711052735765496,6.2818970907527625
6314.847743943099,3.334311698720154,6.451135726906541
6316.336963769727,3.777789174720549,6.218849927548281
6317.826183596355,4.0114628890297155,6.205970379752421
6319.315403422983,3.607531757441089,6.476345879968797
6320.804623249611,3.567600833096407,6.113751847760028
6322.293843076239,3.768554587607001,5.599503970071771
6323.783062902867,3.905902208080211,5.539062648503985
6325.272282729496,4.34983769393782,5.596967442510903
6326.761502556124,3.910043079897267,6.350072620002429
6328.2507223827515,3.2897351544525772,6.194341112518519
6329.73994220938,3.515832017100037,5.355555918765704
6331.229162036008,3.3316942338479327,4.619469325205749
6332.718381862636,3.2555597832903227,4.9457968680958695
6334.207601689264,3.0413562906932556,6.215190217550225
6335.696821515892,3.5813536968686313,6.900569936133018
6337.18604134252,4.102374381107361,6.499962432257464
6338.675261169148,3.770326614218055,6.705422753166746
6340.164480995777,3.515382889556078,6.933538229662561
6341.653700822405,3.495316783333541,7.236017115891393
6343.142920649033,4.080469226204809,6.649343194918636
6344.632140475662,3.847093440305134,6.771775502865543
6346.12136030229,3.4052073644403396,7.120735810145621
6347.610580128918,3.6497347567096217,6.682219802642675
6349.099799955546,3.9398009774769314,6.626968665838011
6350.589019782174,3.6859439757483083,6.53458697860711
6352.078239608802,4.041893648336449,6.572776870719393
6353.56745943543,3.5211457543847624,7.006056639687413
6355.0566792620575,3.012249748461933,7.184295585893974
6356.545899088686,3.2102821151633263,6.4423038955129766
6358.035118915314,3.355371844145414,5.415412626313838
6359.524338741943,3.6299750917635114,5.546350704422153
6361.013558568571,3.7278568206369873,6.343650867270136
6362.502778395199,3.5585627533767124,5.388855776871608
6363.991998221827,3.739028214986485,3.6155373833904845
6365.481218048455,4.2878613981584754,3.100563781622149
6366.970437875083,4.363487128569799,3.6192005021382823
6368.459657701711,3.938526268128578,4.78942359274781
6369.948877528339,3.883515258493242,6.052853763933402
6371.438097354968,4.0423508259050775,6.911097875237778
6372.927317181596,4.048786856831907,7.121439822904092
6374.416537008225,3.7362360622575217,7.357414081234141
6375.905756834853,3.510867150827153,7.5764257400443515
6377.3949766614805,3.5757414191125525,7.522762139771822
6378.8841964881085,3.612899985353502,7.3297667657409855
6380.3734163147365,3.819226221359272,7.023937178476507
6381.862636141364,4.039344199410506,6.914751297993256
6383.351855967992,3.8672344688485256,7.212164747714144
6384.84107579462,3.36807712194331,7.5699083281029695
6386.330295621249,3.294856489240217,7.287507966063175
6387.819515447877,3.5547699233012127,6.7903792151354905
6389.308735274506,3.5571829872509246,6.960084012115136
6390.797955101134,3.57707339483448,7.232241516425262
6392.287174927762,3.8992336200940767,7.075456216466032
6393.77639475439,4.017706398798437,6.996974527692332
6395.265614581018,3.9158864675070175,7.019416995491532
6396.754834407646,3.7068306167212683,7.521360578283412
6398.244054234274,3.4945192921895107,8.06221853635508
6399.733274060902,3.669242381179291,7.955902220193559
6401.222493887531,3.975509260832193,7.602655333848687
6402.711713714159,3.5415756410951102,7.994684107789705
6404.200933540787,3.387240531370584,8.30797134411435
6405.690153367415,3.494511256372895,8.202042819848764
6407.179373194043,3.400752308206548,8.28856689931763
6408.668593020671,3.4068060454752778,8.610206256583716
6410.157812847299,3.462380295552874,8.40380170926742
6411.647032673927,3.929342252866882,7.613099949891591
6413.136252500555,3.668058465493581,7.6292894898630355
6414.625472327183,3.4247824234006985,7.63322531588649
6416.114692153812,3.7120113955988456,7.70261984070427
6417.60391198044,3.839697841479877,7.82288117144789
6419.093131807069,3.874291476871857,7.539665452858117
6420.582351633697,4.034814207889307,7.142473683356015
6422.071571460325,3.6832995644675846,7.635769270569375
6423.560791286953,3.3781388899789313,7.817993664384968
6425.050011113581,3.7242761730787888,7.755545145816607
6426.539230940209,4.2347063645281935,7.5601832830943
6428.028450766837,3.988262743778663,7.695650806803856
6429.517670593465,3.6958674208461844,8.065998937696538
6431.006890420093,3.6904306208784186,8.251065769423638
6432.496110246721,3.7444352208480076,8.18224503500605
6433.98533007335,3.9392889683906986,7.747004246723736
6435.474549899978,4.036714174608266,7.909754985729182
6436.963769726606,3.38523375312265,8.702314727666893
6438.452989553234,3.5171351913055755,8.496305754547897
6439.942209379862,3.7843713172397986,8.276201442795436
6441.43142920649,3.376006049914532,8.510172572791848
6442.920649033118,3.2292661974482897,9.239230649768853
6444.409868859746,3.755896549649609,8.444627957672086
6445.899088686375,3.556568811219781,8.66002367147851
6447.388308513003,4.072530792537858,8.18187581101104
6448.877528339631,4.079123699325283,7.904509775638703
6450.36674816626,3.7205101461880346,8.229199826125685
6451.855967992888,3.5854464272844155,8.043430146499889
6453.345187819516,3.6670217052758467,8.017893292781803
6454.8344076461435,3.645984069133691,8.167718396775912
6456.3236274727715,3.7406127816208716,8.17578367126543
6457.812847299399,3.72068343261444,7.990813266945621
6459.302067126027,3.802839880261807,8.08823647032888
6460.791286952656,3.9536973804220428,7.644484645128112
6462.280506779284,3.8173168183169115,7.7481020303811245
6463.769726605912,3.4099744614956284,7.639066503740693
6465.258946432541,3.753355199981309,6.5980076360939375
6466.748166259169,3.552351276298271,6.258476055793814
6468.237386085797,3.5447652701169394,6.486728287682851
6469.726605912425,3.707019368730919,6.5034898634320095
6471.215825739053,3.6985730597413125,6.755297834559128
6472.705045565681,4.11279404802899,6.303380899191801
6474.194265392309,3.8803444634387136,6.656397613050406
6475.683485218938,3.7386895651583427,7.253025598009357
6477.172705045566,4.057951225177885,7.571453907749036
6478.661924872194,3.966441285178036,7.316220837790922
6480.1511446988225,3.4636473510745223,7.7500663774825105
6481.64036452545,3.962755921448475,7.7684540846274714
6483.129584352078,3.4451022063357644,8.41090549709178
6484.618804178706,3.8284736887781885,8.320750081935408
6486.108024005334,3.5991215554381233,8.333917161575082
6487.597243831962,3.078419190993754,9.331868319598023
6489.08646365859,3.5129408108764943,8.87902099971965
6490.575683485219,3.768462867968252,8.72730088144109
6492.064903311847,3.819516880607467,8.65000117659811
6493.554123138475,3.804921372826633,8.77034675101986
6495.043342965104,3.882233284063316,8.16101939888252
6496.532562791732,3.9685415346540105,7.862955124096961
6498.02178261836,3.94268509260762,6.70320045905782
6499.511002444988,3.950763656355646,5.506318687780978
6501.000222271616,4.117368829058863,4.976687785167105
6502.489442098244,4.1594438006943575,5.785809710333921
6503.978661924872,3.7986502080594304,7.215865264662645
6505.4678817515005,3.5504196204936127,7.77376210943594
6506.9571015781285,3.8658821167162434,7.411410041690622
6508.446321404756,4.076326608706305,7.5073894467795315
6509.935541231385,3.597744987846097,8.550579701998204
6511.424761058013,3.4882863860778395,8.881840743356815
6512.913980884641,3.8436261534389513,8.03441515347639
6514.403200711269,4.043406453313133,7.760467255126812
6515.892420537897,3.814108300236674,8.234871082050073
6517.381640364525,3.6548088552885805,0.0
6518.870860191153,4.2457837029845145,0.0
6520.360080017782,4.116924376604868,0.0
6521.84929984441,4.0323898376246525,0.0
6523.338519671038,4.11957241911755,0.0
6524.827739497667,3.7510636823998875,0.0
6526.316959324295,3.930375764830034,0.0
6527.806179150923,3.84946540796776,0.0
6529.295398977551,3.962210360068228,0.0
6530.7846188041785,3.845522425491055,0.0
6532.2738386308065,3.699399092460296,0.0
6533.763058457434,4.060034289373666,0.0
6535.252278284062,3.5638602915162156,0.0
6536.741498110691,3.6031461126827558,7.150704233620727
6538.230717937319,3.328201365307179,7.0046022125341265
6539.719937763948,3.1299175481342814,6.54226174247451
6541.209157590576,3.5393594816595217,7.616159349375496
6542.698377417204,3.384727608815359,8.313254179218646
6544.187597243832,3.522630691621935,7.658007079740719
6545.67681707046,3.326392904833034,7.546761913371562
6547.166036897088,3.473887527591123,8.029993322592233
6548.655256723716,3.8675483676435367,8.160093712438215
6550.144476550344,3.483072276686621,8.574354176731243
6551.633696376973,3.609883586578611,8.190384985728778
6553.122916203601,3.782529351037423,7.065246823123995
6554.6121360302295,3.5366682828676423,6.355909047914302
6556.1013558568575,3.702735016552225,6.013635446442126
6557.590575683485,3.9844652603172017,6.691619617249918
6559.079795510113,4.041547743685953,7.904527960296693
6560.569015336741,3.890083450706618,8.441571640956719
6562.058235163369,3.7026095771334564,7.825820444639126
6563.547454989997,3.6874993063483124,7.18215578715934
6565.036674816625,3.777206596013618,7.187263391319662
6566.525894643254,3.6825695796096993,7.820236246408716
6568.015114469882,3.645844022686519,8.237922210724697
6569.504334296511,3.862551535254536,7.775468576836234
6570.993554123139,4.12592424780012,6.968218683074672
6572.482773949767,3.825239397022001,7.588124427969852
6573.971993776395,3.341182434291155,8.392157747303996
6575.461213603023,4.070213668287759,7.802320960641129
6576.950433429651,4.143508837052143,6.850759820319935
6578.439653256279,3.940714977714522,6.0049461433561495
6579.928873082907,3.792998389599526,6.321401940718552
6581.4180929095355,3.175804644148534,7.456070816832896
6582.9073127361635,3.906089498692857,7.894038114393944
6584.396532562792,3.5768526436461663,8.20269202509963
6585.88575238942,3.5960284847103434,8.024334646250578
6587.374972216048,3.6415153142233576,8.534552904078124
6588.864192042676,3.311252786250331,8.641482865368882
6590.353411869304,3.732572692614841,7.737454090194244
6591.842631695932,3.1498906516489633,8.071700347722784
6593.33185152256,3.326919028167414,8.415523133898645
6594.821071349188,3.285118176482322,6.5127190994845945
6596.310291175817,3.343924320452238,6.427641983648116
6597.799511002445,3.9198725178608544,5.806797897168829
6599.288730829074,3.6998412469924187,5.992846559244801
6600.777950655702,3.5349415770878374,6.461327572219938
6602.26717048233,3.4040858069275575,6.991066437850051
6603.756390308958,3.5523332303884616,6.280806490484662
6605.245610135586,3.7323206641639235,5.724285375003557
6606.734829962214,3.55183763899931,5.893335030625264
6608.2240497888415,3.281161015293495,7.16604715968855
6609.7132696154695,3.779999334091297,6.881356962885897
6611.202489442098,2.968883884627887,7.355779037231354
6612.691709268726,2.6397615526638107,8.220856339791442
6614.180929095354,3.237407417430668,8.513981119381734
6615.670148921983,3.498620469144256,8.477514955342107
6617.159368748611,3.443398372832396,9.31595876510152
6618.648588575239,3.4565177148628203,9.970921782153916
6620.137808401867,3.2145617746252033,9.979013172997192
6621.627028228495,3.505629531694604,9.321257218544734
6623.116248055123,4.083026532902895,8.560045834304674
6624.605467881751,3.9302911524979005,8.93592964139684
6626.09468770838,3.713727045108405,9.213269311640179
6627.583907535008,3.6142274964767815,9.344374073435889
6629.073127361636,3.367021119961639,9.664775744811863
6630.5623471882645,3.277647881370719,9.93403934277285
6632.0515670148925,3.510080395380457,9.773271171587323
6633.5407868415205,3.800150655385578,9.076995361307691
6635.030006668148,3.755257636620869,8.387351209805267
6636.519226494776,3.423820016250527,8.24046948519343
6638.008446321404,3.456047696692565,8.715389260771541
6639.497666148032,3.849249732900897,9.198265798867741
6640.986885974661,3.7674757943486057,9.39511738318729
6642.476105801289,3.6118323585526735,8.948632895983335
6643.965325627917,3.906177145874853,8.721230466731686
6645.454545454546,3.9488023213128876,9.106380735164622
6646.943765281174,3.310452870746324,10.159306301326076
6648.432985107802,3.5850398586588765,10.173114915179108
6649.92220493443,3.319069083614976,10.195380403696737
6651.411424761058,3.2865553582844393,10.108237747254533
6652.900644587686,4.001569967871069,9.572049470749421
6654.389864414314,3.552165030954559,10.068111583787127
6655.879084240943,3.643787146985424,10.014831826389761
6657.3683040675705,3.486848861419076,10.449868989172279
6658.8575238941985,3.462400483108163,10.109813410743266
6660.346743720827,3.385743686553712,10.54536460073151
6661.835963547455,3.218863234679272,10.09102945963184
6663.325183374083,3.7150431905138177,10.000511068542703
6664.814403200711,3.677382660955186,9.567386339002752
6666.303623027339,3.28334812810329,10.608722643766482
6667.792842853967,3.136662531146914,10.144220861945554
6669.282062680595,3.210914350154633,10.048862757025178
6670.771282507224,3.3116835617752503,9.557202274366377
6672.260502333852,3.5486416572966193,9.709952238367755
6673.74972216048,3.254638216363396,10.295949300580723
6675.238941987109,3.6679535200283517,9.806213695837785
6676.728161813737,3.9658462811538397,9.553090848361839
6678.217381640365,3.689848992865141,9.808739715425439
6679.706601466993,3.6506007152012057,9.955418810134018
6681.195821293621,3.62547964539191,10.048140678458283
6682.685041120249,3.7267239809909327,9.922339579784472
6684.1742609468765,3.81369768755854,9.72698607650838
6685.663480773505,3.6772938008130818,9.760848997744565
6687.152700600133,3.7150212217577554,9.822305379325016
6688.641920426761,3.672590852830349,9.876110052799941
6690.13114025339,3.481448046742025,9.930610168798358
6691.620360080018,3.548830307092097,9.986271003385536
6693.109579906646,3.8707127391528258,9.886574191642579
6694.598799733274,4.083046336052911,9.42568775743688
6696.088019559902,3.7464071656518865,10.08100697390721
6697.57723938653,3.6281613967402815,9.623922362302322
6699.066459213158,3.9028957454285544,9.680092606549984
6700.555679039786,3.550599960371836,9.722233065523206
6702.044898866415,4.058759852784136,9.409100862959425
6703.534118693043,3.8609709521009603,9.797474474450947
6705.023338519672,3.7071480947525934,9.73328160874953
6706.5125583463,3.559248875694729,9.444740482938192
6708.0017781729275,3.2824065617177483,9.389864135197234
6709.4909979995555,3.8448721382020175,9.424340981409303
6710.980217826183,3.8893610260519123,9.840711662761596
6712.469437652811,3.6199809520261725,10.169675957073062
6713.958657479439,3.7192852083142594,9.801815227549874
6715.447877306067,3.7950145220176394,9.711727853641314
6716.937097132696,3.393685422166185,9.975180093947843
6718.426316959324,3.2870510215700595,9.829639246080477
6719.915536785953,3.5113009416069985,9.731806372276068
6721.404756612581,3.42092324278305,10.233917327900679
6722.893976439209,3.34323483421789,10.635524406942533
6724.383196265837,3.5046323622382496,10.672780086639213
6725.872416092465,3.4468065315116063,10.79283134571238
6727.361635919093,3.293990340508317,10.888188735310537
6728.850855745721,3.6039056517494243,10.52256859881052
6730.340075572349,3.9062328685227246,10.017297789939372
6731.829295398978,3.686312906856242,9.99260800496219
6733.318515225606,3.6310054377943586,10.267991903588177
6734.807735052234,3.606724118701939,10.551371445693281
6736.296954878862,3.5842208412937446,10.611370459728157
6737.78617470549,4.094762099510918,10.056838260749174
6739.275394532118,4.106103135803947,9.881771209853625
6740.764614358746,3.367281580771298,10.292893069283465
6742.253834185374,3.5451993518242784,10.431501434809364
6743.743054012002,4.012373543752146,9.98329778031213
6745.23227383863,3.6062816981787558,10.244542782182164
6746.721493665259,3.682970807235423,9.141624511961092
6748.210713491887,3.4019644378608795,9.247834350020318
6749.699933318516,3.6728711017365088,10.084276283597916
6751.189153145144,3.6436005070247686,10.621829062765372
6752.678372971772,3.4398759977406645,10.869646375478828
6754.1675927984,3.550813120998259,10.484448613239936
6755.656812625028,3.328343852190349,10.196224361457077
6757.146032451656,3.1581366933998405,10.241543789114221
6758.635252278284,3.3668078477595746,10.604442598336885
6760.124472104912,3.5260405780322723,10.5927815756737
6761.61369193154,3.4984407572017684,10.81149226364612
6763.102911758168,3.5911778642398384,10.612935874682865
6764.592131584797,3.624712978297212,10.140814864695765
6766.081351411425,3.3714065470034926,10.756211014260085
6767.570571238053,3.305812267430368,11.164233762557213
6769.059791064681,3.4841713683991613,10.856398636908862
6770.549010891309,3.401535632753546,10.444767173523251
6772.038230717937,3.518969458697921,10.127921700572925
6773.527450544565,3.9080347301923446,10.281436031793447
6775.016670371193,3.533876604987839,10.369061701709231
6776.505890197822,3.583912367033889,9.772007546166655
6777.99511002445,3.2846293050152657,9.732814740693811
6779.484329851078,3.5235853394239625,10.506572936310912
6780.973549677707,3.850332708796672,10.57753168032795
6782.462769504335,3.6756047253988737,10.809347709859471
6783.9519893309625,3.881430519406296,10.408126959189861
6785.4412091575905,3.753855517402554,10.503292393578542
6786.930428984218,3.6914633905547274,10.526220189964784
6788.419648810846,3.4332924263024003,10.343836864353115
6789.908868637474,3.174922495901116,10.841034472052414
6791.398088464103,3.406697945887682,10.976675735097126
6792.887308290731,3.7901361857559555,10.739281613522836
6794.376528117359,3.9294845474130633,10.502941573947421
6795.865747943988,3.956137551171743,10.282400317342722
6797.354967770616,3.927758479169257,10.258358080044669
6798.844187597244,3.804247198044947,10.510798222958755
6800.333407423872,3.8051557390023256,10.54187051756586
6801.8226272505,3.854825227674772,10.059554313881922
6803.311847077128,3.6379158970013954,10.419182436590502
6804.801066903756,3.6699218912197757,10.56434474788609
6806.290286730385,3.878984268638223,10.511714690194013
6807.779506557013,4.046981927898464,10.29004678900695
6809.268726383641,4.003573044309591,10.38109538534684
6810.757946210269,3.6997043671511887,11.133112866935523
6812.247166036897,3.454249121401818,11.089197243605144
6813.736385863525,3.9615273466178356,10.702362577625266
6815.225605690153,3.902990797531033,10.218990735669356
6816.714825516781,3.6190080037456704,10.39820345409445
6818.204045343409,3.5089739422626516,10.637522988449506
6819.693265170037,3.510520438382663,10.936889153244008
6821.182484996666,3.5929890400131828,10.978953719971676
6822.671704823294,3.8572292212896295,10.275458023956702
6824.160924649922,3.846777256951527,10.12908869209462
6825.650144476551,3.52076381467699,10.286742753106923
6827.139364303179,3.433385379189699,8.847927460243982
6828.628584129807,3.5806094757145526,6.483033749530218
6830.117803956435,3.4603174395157876,5.302686372337115
6831.607023783063,3.0802367949583913,5.431746171569166
6833.096243609691,3.1839598502466044,5.916997918942425
6834.585463436319,2.961436186199165,6.172089442576151
6836.0746832629475,3.0070364660761975,5.992105959940219
6837.563903089575,3.3589318120914737,7.1639147327634
6839.053122916203,3.57182497101089,8.39697314016584
6840.542342742832,3.8237339620322066,9.076643791951202
6842.03156256946,3.525077615083816,9.134096480707374
6843.520782396088,3.4956386899918876,8.931742706433969
6845.010002222716,3.4703893951230045,9.549756704104892
6846.499222049344,3.4204738094164866,10.575843993431606
6847.988441875972,3.4986612745073704,11.096275932285764
6849.4776617026,3.3764281007272405,11.290957545775722
6850.966881529229,3.2281037949166076,11.278164293550285
6852.456101355857,3.3551861887856793,11.233540110555117
6853.945321182485,3.49119229910682,11.22858996896185
6855.434541009114,3.4123681692172148,11.051691660798229
6856.923760835742,3.4452430184579415,10.844064905363613
6858.41298066237,3.662537692323134,10.794132967494948
6859.902200488998,3.4781486375801327,10.802301424234056
6861.3914203156255,3.0507255482103783,10.775505418861247
6862.8806401422535,3.463299466333994,7.69746439367064
6864.369859968881,3.6828271997061064,4.6597023553374095
6865.859079795509,3.257502678755866,4.160007586921068
6867.348299622138,3.0978809954452906,4.980136579041765
6868.837519448766,3.802714660228868,5.434069785018687
6870.326739275395,4.134472234692394,5.8746700325658185
6871.815959102023,3.9307090770751527,5.966347865838621
6873.305178928651,3.7701918650551254,5.131279075903576
6874.794398755279,3.7764480806624303,5.187505424240917
6876.283618581907,3.611062542917826,7.204511383902271
6877.772838408535,3.273039614495877,9.160576199798438
6879.262058235163,3.2448684096328053,9.703580030436848
6880.751278061791,3.467496961250946,9.526489225439851
6882.24049788842,3.391311173416122,9.160495067738102
6883.729717715048,3.2913778316614106,8.889791699781878
6885.2189375416765,3.6047734833382847,8.589904206678902
6886.7081573683045,4.089471315657478,8.59316101519594
6888.197377194932,3.8369995889102304,8.320144942046563
6889.68659702156,3.59333522343732,7.405374703145318
6891.175816848188,3.046034744001482,7.440929754455645
6892.665036674816,3.291407264015298,7.928112412770879
6894.154256501444,3.471026326440489,8.84623383265383
6895.643476328072,2.913459922188876,10.01649478726219
6897.132696154701,3.206669333117558,9.947973222866674
6898.621915981329,3.149736361317239,9.957956925926544
6900.111135807958,3.220467668646851,9.435925125325866
6901.600355634586,3.491274459540706,7.844314783965904
6903.089575461214,3.49050816667581,7.209693351457658
6904.578795287842,3.4506668502593647,8.340351886259228
6906.06801511447,3.4985793199194064,9.595933785234813
6907.557234941098,3.2818360751679143,10.534381466364138
6909.046454767726,3.133129863648091,10.711913692446785
6910.535674594354,3.4131153299444468,10.024612495131278
6912.0248944209825,3.5648347478268136,9.596420610846689
6913.51411424761,3.2522194911373776,7.568625158804477
6915.003334074239,3.0272990073768193,7.469091067582661
6916.492553900867,3.583224240013766,8.770369676167654
6917.981773727495,3.5267242819597455,10.494190921594582
6919.470993554123,3.7451771286623985,10.70852547387542
6920.960213380751,3.6737203975760973,9.96350631859055
6922.449433207379,3.4738609536017764,8.514569660699538
6923.938653034007,3.5537027418096443,6.702423962385867
6925.427872860635,2.977681209671596,6.42675734606235
6926.917092687264,2.6159084784999806,7.983125756973176
6928.406312513892,3.388069804501875,9.595653528917515
6929.895532340521,3.5303026863035245,10.509303326812784
6931.384752167149,3.4830700195145674,10.758965739788138
6932.873971993777,3.4859047116263415,11.047921407872037
6934.363191820405,3.268063897699111,11.81511913522837
6935.852411647033,3.238595408850871,10.936097789573555
6937.3416314736605,3.1433367342109193,11.09209950302938
6938.8308513002885,3.59374785763172,9.886241014353633
6940.320071126916,3.5195228639861424,8.063544372707588
6941.809290953545,3.41009153699591,7.43976623038989
6943.298510780173,3.986285464308769,7.974490298208449
6944.787730606802,4.075425741782482,9.223894188610934
6946.27695043343,3.645599699386641,10.038647626236681
6947.766170260058,3.4836362872706386,9.101760351530896
6949.255390086686,3.7352694899157357,6.901934458212547
6950.744609913314,3.978217814678221,5.503317214241058
6952.233829739942,3.91644000386826,6.080886315933517
6953.72304956657,3.5325445227112735,8.149254155495715
6955.212269393198,3.1000179244265063,10.11225321498492
6956.701489219827,3.448159477263662,10.336813151235697
6958.190709046455,3.6106883041392592,10.9190855028054
6959.679928873083,3.277893633238799,11.19063796240078
6961.1691486997115,3.184317001609694,11.613417434498508
6962.6583685263395,3.600800129940371,11.152545521221475
6964.147588352967,3.5592391780047388,11.040374869982688
6965.636808179595,3.412428988254471,11.713982887819132
6967.126028006223,3.5014225972252224,11.352164888977972
6968.615247832851,3.639363209050369,9.830038544493748
6970.104467659479,3.6049028200787285,8.043705716794689
6971.593687486108,3.4725101580898126,6.831351487211446
6973.082907312736,3.4087381860817225,7.522638620122816
6974.572127139364,3.443618516326442,9.7500404384399
6976.061346965993,3.5964645703872247,11.16311497697638
6977.550566792621,3.5653791874300103,9.86848087864848
6979.039786619249,3.5026802793543443,8.161356298400202
6980.529006445877,3.3638899417652195,7.406618780925109
6982.018226272505,3.1391261943393816,8.011423175150734
6983.507446099133,3.173813825438821,9.507858950891631
6984.996665925761,3.07093579661759,11.063136284500885
6986.48588575239,2.9481606659011,11.625414837364696
6987.9751055790175,2.9600325161682166,11.874276150836673
6989.4643254056455,3.0614790133757377,11.458182870603535
6990.953545232274,3.1475734490177203,10.860999073200784
6992.442765058902,3.202871538367428,11.288106419649978
6993.93198488553,3.2596879268642978,11.371843557125981
6995.421204712158,3.25785882544032,11.386512523185344
6996.910424538786,3.3315762708222616,11.625092103572111
6998.399644365414,3.3013785212483815,12.265069582425868
6999.888864192042,3.242638408194384,11.561291385771055
7001.378084018671,3.337663358259454,11.017601619377777
7002.867303845299,3.3995006299030446,10.863679640946508
7004.356523671927,3.3787711952943984,10.22210463921069
7005.845743498556,3.3915505536128636,10.163868187887621
7007.334963325184,3.260941292682892,10.7982882722608
7008.824183151812,2.95749084435921,11.84556550755083
7010.31340297844,2.871416629965801,11.906112981116669
7011.802622805068,3.3692776298449405,10.004467017354118
7013.2918426316955,3.997657809468343,8.320032941835573
7014.7810624583235,3.7082921531547575,8.972674257078628
7016.270282284952,3.4879411162561373,10.983417047273628
7017.75950211158,3.05999285223402,12.740436107306131
7019.248721938208,3.097017255606748,12.348126270745196
7020.737941764837,3.889760188983287,11.478026324590482
7022.227161591465,3.6327200878051316,11.739741025381845
7023.716381418093,3.2443254595305167,12.429128846294738
7025.205601244721,3.1764731841255136,12.647202137704854
7026.694821071349,3.2168360677729684,12.546435664895002
7028.184040897977,3.149213601540368,12.671740639193244
7029.673260724605,3.0442252798041074,12.96975266537184
7031.162480551234,3.034435936324829,12.951925652545683
7032.651700377862,3.045428126415949,12.643180009286526
7034.14092020449,2.957205244148507,12.55598431955928
7035.630140031119,3.0211321700545843,12.538017022999492
7037.1193598577465,3.1662609961252306,13.159241775688624
7038.6085796843745,3.2583863551753214,12.261274931811858
7040.097799511002,3.2965945688428646,11.870779280823243
7041.58701933763,3.3315698867553176,11.874418095640841
7043.076239164258,3.3285595950837155,11.839329759841915
7044.565458990886,3.0849424316807936,12.305494596024579
7046.054678817514,2.9586495478173926,12.193466577703603
7047.543898644143,3.2335807957743734,11.030585726123935
7049.033118470771,3.514048369050782,9.975718481916774
7050.5223382974,3.362478063926138,9.635636376746367
7052.011558124028,3.1054843500090894,10.075200381222832
7053.500777950656,3.1265281382572083,10.927052460165648
7054.989997777284,3.167817282117676,11.340835387566798
7056.479217603912,3.291156726479888,12.108465342498574
7057.96843743054,3.314806798436218,11.388267232597613
7059.457657257168,3.2087964164982163,11.786599057589536
7060.946877083796,3.4149605095370292,11.353902242357188
7062.436096910425,3.4558291839620146,11.537017337718732
7063.9253167370525,3.3555459426945724,11.905853084409678
7065.414536563681,3.369491742821272,11.780163877932257
7066.903756390309,3.3759684428137255,11.663170485844375
7068.392976216937,3.236364259531053,11.539465158655428
7069.882196043565,3.096616205609948,12.272862673234908
7071.371415870193,3.3255584179848117,11.87213356538334
7072.860635696821,3.572055233869205,11.987724710741324
7074.349855523449,3.2451099460758166,11.748823218872237
7075.839075350077,3.080544133650152,12.083815880308457
7077.328295176706,3.2456111823441445,11.718130031237047
7078.817515003334,3.3627004102366564,11.858770057809236
7080.306734829963,3.26146624924129,11.797229452269846
7081.795954656591,3.1995292664120405,11.465551662573619
7083.285174483219,3.311253461951827,11.23832343272708
7084.774394309847,3.2670535120060618,11.378031577773468
7086.263614136475,2.821466516812061,12.600807950782771
7087.752833963103,2.5563661195342107,12.888163517848977
7089.242053789731,2.9233769221542842,11.870197008400812
7090.7312736163585,2.464843473324245,11.710357076271533
7092.220493442987,2.8241725026594957,11.093113124991355
7093.709713269615,3.313137008209122,11.058053280428133
7095.198933096244,3.3707859234130937,11.3817296196598
7096.688152922872,3.2051738181842633,12.010912474004467
7098.1773727495,3.1934764818921946,12.504119331401144
7099.666592576128,3.0697113642512464,12.70711443050198
7101.155812402756,2.7760539229720744,12.98332843911879
7102.645032229384,2.929299070105373,13.292662748287485
7104.134252056012,2.932934674396303,13.03656698682787
7105.62347188264,2.875661397682732,13.948264097979678
7107.112691709269,3.220080612747025,12.515308485825187
7108.601911535897,3.5709187986343855,12.381337910642792
7110.091131362526,2.909036850749049,13.330516070577342
7111.580351189154,2.9995566820423374,13.32231532876236
7113.069571015782,3.1077394907355194,13.21123935937146
7114.5587908424095,2.971177087993102,13.506155254138568
7116.0480106690375,2.9642911313876597,13.597787198706811
7117.537230495665,3.141652951937987,13.112882274036325
7119.026450322293,3.1451663047311067,12.855305322626194
7120.515670148921,2.8334412383106637,13.70988914634473
7122.00488997555,2.732785432393448,14.046836854649841
7123.494109802178,3.0612043505808795,13.07586755435762
7124.983329628806,3.1226120185842583,12.655537695572468
7126.472549455435,2.9159213036682052,13.195114632974432
7127.961769282063,2.8246234800177166,13.278048521733133
7129.450989108691,2.8274433572330655,12.786497594433751
7130.940208935319,2.6658964992249827,13.000187192121206
7132.429428761947,2.5765327686840216,13.573197787516696
7133.918648588575,2.818441399364441,13.542096433782122
7135.407868415203,2.967888222345753,13.52042629022965
7136.897088241832,2.8893639355990954,12.988124846872614
7138.38630806846,2.904244441105592,14.272065938176485
7139.8755278950875,2.9908793626237675,14.000541994423097
7141.364747721716,2.910656483890188,13.312372801651225
7142.853967548344,3.032135295550043,12.5535776668065
7144.343187374972,3.019228195610526,11.638407687602658
7145.8324072016,2.9526079678997457,11.346651348368106
7147.321627028228,3.122969027475681,11.043454601183129
7148.810846854856,3.2258221537652108,9.86423944413579
7150.300066681484,2.9815662669925986,8.682915943180673
7151.789286508113,3.0886242500591474,9.581795194834065
7153.278506334741,2.8780100333831045,13.37454129532147
7154.767726161369,2.8202976274167133,13.462692712551927
7156.256945987998,2.988885746138054,13.197498207423397
7157.746165814626,2.949448037336613,12.920652854603237
7159.235385641254,2.890276005460523,13.111578517836978
7160.724605467882,2.8228202285728687,13.011575654693372
7162.21382529451,2.958557274404444,12.784299544822792
7163.703045121138,3.1827766381771347,12.497123252781352
7165.192264947766,3.201288931394323,12.148997606547642
7166.681484774394,3.1369415548511332,12.140778307357243
7168.170704601022,3.238898212704757,11.746761255085783
7169.65992442765,3.035856594992372,11.787581159715923
7171.149144254279,2.9902255954748562,11.056862219016232
7172.638364080907,2.941825436769681,10.620471433373325
7174.127583907535,2.8888568067891276,10.51543432909065
7175.616803734163,3.0451578168753777,10.237236275783719
7177.106023560791,3.377215711679096,9.714480595763625
7178.595243387419,3.3444974328616803,9.750722707987096
7180.084463214047,3.037799061505728,10.421650188224621
7181.573683040676,3.0938030210102814,10.861370955061366
7183.062902867304,2.5885714268599536,11.803847514312885
7184.552122693932,2.73654380998998,11.792729558660929
7186.041342520561,3.1623800898560197,10.334922834405859
7187.530562347189,2.7779982180422027,10.599389794500045
7189.019782173817,3.3246291601514013,10.100058575519975
7190.5090020004445,3.0828400117977437,10.885524972423017
7191.9982218270725,2.7406764605546674,11.585726738724247
7193.4874416537,2.769011435494219,11.757742659473827
7194.976661480328,2.7368181889893632,11.97506024225666
7196.465881306957,2.7199051003005392,11.792583299243065
7197.955101133585,3.1964558238467693,11.622595918559202
7199.444320960213,3.449957594793023,11.017033026209099
7200.933540786842,2.992514011942341,11.058682400523589
7202.42276061347,2.916443010296541,10.824451646362343
7203.911980440098,2.8243120350825155,11.56657938224525
7205.401200266726,2.7216479338969677,12.38109563922814
7206.890420093354,2.9041493088236066,12.264959826259394
7208.379639919982,3.135623201683709,11.505193090298954
7209.86885974661,3.01585870294151,11.473490041145784
7211.358079573238,2.8310383869515565,12.699337715440423
7212.847299399867,3.1087340836262705,13.000082496956185
7214.336519226495,2.891478197907077,13.459444888216865
7215.8257390531235,2.624903889616039,14.026645360487882
7217.314958879751,3.0952924600347327,13.39036507662421
7218.804178706379,2.9115334451595114,13.196430850397924
7220.293398533007,2.8278804235843666,13.460969390836462
7221.782618359635,2.905976901303326,13.3998261654242
7223.271838186263,2.8950410468892165,12.648073364234897
7224.761058012891,2.9318907177809295,11.833786896787899
7226.250277839519,3.08242967999899,11.89752025869618
7227.739497666148,3.1516456026800057,12.045722568369483
7229.228717492776,3.072656931410341,12.608762777148847
7230.717937319405,3.0497945837205167,12.17925608794592
7232.207157146033,2.796605552075528,12.973367500440483
7233.696376972661,2.661421416295202,12.376105651136324
7235.185596799289,3.00840793932584,10.828221998337039
7236.674816625917,3.5937384944131834,9.26646708098439
7238.164036452545,3.5386787677317595,7.5249012222551475
7239.653256279173,2.815870490075013,5.123113768617697
7241.142476105801,3.86771956337858,2.6060471309429802
7242.6316959324295,2.4767054941452424,1.529374054037671
7244.120915759057,2.312563910552345,2.3156290840359093
7245.610135585686,3.5361036105331785,2.940686415891898
7247.099355412314,3.629043493046046,2.7954892344720816
7248.588575238942,3.4714834318941095,2.773179377585955
7250.07779506557,3.6586289741649236,3.9158793045540357
7251.567014892198,3.8433120735514077,6.146856456805819
7253.056234718826,3.7713757396883776,7.601537402656435
7254.545454545454,3.81172767400072,6.1563759849150586
7256.034674372082,3.5797676294475895,6.816043719724366
7257.523894198711,2.7399025546197207,8.575309931267885
7259.013114025339,3.4128113278979564,9.977290858661519
7260.502333851968,3.2522656791085303,11.591346616674759
7261.991553678596,3.1020813722977905,11.84284093568137
7263.480773505224,3.1615514617074987,11.600605695935801
7264.969993331852,3.05864821241644,11.711914104271797
7266.4592131584795,2.7811560541692257,11.78924974162332
7267.9484329851075,2.7606339771430544,11.740901292530502
7269.4376528117355,2.9624037623663164,10.972234209767176
7270.926872638363,2.974382870187692,10.708819960840414
7272.416092464992,3.3616144793619753,9.977496606380855
7273.90531229162,3.5703116363509175,8.62662851636333
7275.394532118249,3.6331309847916127,5.8826129960022095
7276.883751944877,3.770463234534478,3.364880878030106
7278.372971771505,3.5712806199319456,2.4994706845342334
7279.862191598133,3.0326964609180207,3.293007723460103
7281.351411424761,3.472706557930227,5.37611743610629
7282.840631251389,3.428236798749941,7.793085700764036
7284.329851078017,3.124438378629171,6.936645668183742
7285.819070904645,2.962947027524568,5.4947029151556155
7287.308290731274,2.843041328175055,5.767291088585084
7288.797510557902,3.0317477760421325,7.476033637509326
7290.28673038453,3.251411127822046,9.4394254340437
7291.7759502111585,3.2629303757466506,10.619645867910897
7293.265170037786,3.2097007416650105,10.699119622065547
7294.754389864414,3.269786544676226,10.054677357915365
7296.243609691042,3.288924629082393,8.99295478329781
7297.73282951767,3.126115388830011,8.339253926988016
7299.222049344298,3.4588541125185315,9.057800087156615
7300.711269170926,3.55332872977044,10.410547142719185
7302.200488997555,3.410279539118445,10.368570342127757
7303.689708824183,3.2497424596456206,8.46693588409552
7305.178928650811,3.1700136189844947,6.554425561416056
7306.66814847744,3.1140975376499913,6.76410665252384
7308.157368304068,3.107840670176011,8.377669408123733
7309.646588130696,3.58207767014575,10.624887485347037
7311.135807957324,3.3843428687257737,10.687749080338824
7312.625027783952,3.146123617093472,10.492292194577809
7314.11424761058,3.351895862318421,9.14225013386412
7315.603467437208,3.697046376927909,6.5541907040544505
7317.0926872638365,3.5942859602581056,3.9819244758205325
7318.5819070904645,3.1070113795289562,2.858354298936515
7320.071126917092,3.0800447335860133,3.7605115081948703
7321.560346743721,3.6849820960789703,7.021477859184554
7323.049566570349,3.5648215803543395,11.333737471147701
7324.538786396977,3.226819470103652,13.03625841640871
7326.028006223605,3.244594975335219,12.753540671790077
7327.517226050233,3.416384906487748,9.83175833546076
7329.006445876861,3.1917938742442273,7.0340264598715025
7330.495665703489,3.0481062810422586,6.10578900148179
7331.984885530118,3.4971018342259907,6.534452477293199
7333.474105356746,3.3379811247906055,8.175608727749115
7334.963325183374,3.299467145004865,10.628482246332883
7336.452545010003,3.6213372515627347,11.548150237348509
7337.941764836631,3.491900902093005,11.437130231079582
7339.430984663259,3.3768060867314644,7.257525770327436
7340.920204489887,2.713282868045221,3.8672537263276503
7342.409424316515,2.6228510844246964,3.0448850950862854
7343.8986441431425,3.695769101830168,3.5332848112659345
7345.3878639697705,4.232597376636473,5.164372974026897
7346.877083796399,3.611992384559853,8.808658938766644
7348.366303623027,3.4504113841477606,11.29262521301086
7349.855523449655,3.143575574544178,11.809130944950082
7351.344743276284,3.326311717136072,11.204044086154422
7352.833963102912,3.450950200158293,10.792794167314868
7354.32318292954,3.4686307864171777,10.785280418705563
7355.812402756168,3.557670015709942,10.646040774960571
7357.301622582796,3.652128250761157,9.606684965534859
7358.790842409424,3.464876654930466,7.029376540130404
7360.280062236052,3.290899614674313,5.215022056617977
7361.769282062681,3.1443184524824854,6.201430130796666
7363.258501889309,3.4348693803348342,7.956821871963032
7364.747721715937,3.5138643305760064,10.346470438683983
7366.236941542566,3.380384571492947,11.279396874832704
7367.7261613691935,3.483483950027134,9.414054438440427
7369.2153811958215,3.7461253740946354,6.018832810701841
7370.704601022449,3.190274882508893,4.247191619352225
7372.193820849077,3.452050540265372,3.9221894211716495
7373.683040675705,3.947614357775204,6.014944710710358
7375.172260502333,3.947670516414148,8.962088891632916
7376.661480328961,3.5696627928615934,10.962353085793957
7378.15070015559,3.3132611879852307,11.99697504407712
7379.639919982218,3.430961833172966,12.243590867135238
7381.129139808847,3.614477848915031,12.08290545967155
7382.618359635475,3.3100363298372932,12.45765694133246
7384.107579462103,3.238167263971868,12.457237957759482
7385.596799288731,3.5824751052757065,12.255343917376225
7387.086019115359,3.8186050954286364,11.871540611147914
7388.575238941987,3.7267427540284412,11.685868005542453
7390.064458768615,3.6417733588407906,10.901535121174168
7391.553678595243,3.558708231836886,9.253813464935684
7393.0428984218715,3.4287929102424486,7.364555865656626
7394.5321182484995,3.577068549579058,6.317349087488728
7396.021338075128,3.4078824023920125,7.66990073519416
7397.510557901756,3.2041286884697255,10.101291542895089
7398.999777728384,3.725270880885863,10.736332399449683
7400.488997555012,3.975149809550013,9.26885036562471
7401.97821738164,3.901524657761863,6.8663044233928305
7403.467437208268,3.5653149028731397,5.203858594009037
7404.956657034896,3.2264259438726794,5.36838104063397
7406.445876861524,3.540392659683801,7.246413293000917
7407.935096688153,4.06952077733443,10.554670991405867
7409.424316514781,3.525863078771515,12.213361556580217
7410.91353634141,3.573563896776541,12.656146795756879
7412.402756168038,3.9428445760587607,10.898262635416037
7413.891975994666,3.882693327909662,10.19231652763163
7415.381195821294,3.5062583077855494,11.290033380884243
7416.870415647922,3.486842299413016,12.043109029721675
7418.35963547455,3.839546621086039,11.516461503680395
7419.8488553011775,3.707894597135602,12.025863327021133
7421.3380751278055,3.789791138745425,12.254144119374681
7422.827294954434,3.7732298739143872,12.115269474634118
7424.316514781062,3.7965246898841465,11.7662332489567
7425.805734607691,3.7179313140676578,11.579531163004436
7427.294954434319,3.506395041060647,11.840536344052365
7428.784174260947,3.42332762656606,11.890523963357749
7430.273394087575,3.787641515109667,9.60872063487445
7431.762613914203,3.885663053049557,8.659557379223312
7433.251833740831,3.853003172501822,9.449630283613628
7434.741053567459,3.8991204304008122,10.910136886836527
7436.230273394087,3.852777394754673,11.0377264120564
7437.719493220716,3.690874832739912,9.421192946653019
7439.208713047344,3.6194154981724114,7.242792633182437
7440.697932873973,3.8778675189673817,6.299203576393793
7442.187152700601,4.281353577648809,7.523325659101724
7443.6763725272285,4.14354394377798,9.849061723168672
7445.1655923538565,4.072568765244175,11.078093558932084
7446.654812180484,4.037613878616509,11.480513232235728
7448.144032007112,4.091965085280397,11.292527454294332
7449.63325183374,4.324065929975495,10.857296147247471
7451.122471660368,4.603415691067947,10.650942255516679
7452.611691486997,4.500409166232955,11.064636457068247
7454.100911313625,4.295972371577626,11.301835444189825
7455.590131140253,4.162206926919427,11.361988262511213
7457.079350966882,4.018194094783679,11.297320463579938
7458.56857079351,4.093880529664552,11.132219882772313
7460.057790620138,4.439837097476937,10.667144634557069
7461.547010446766,4.5000492952839135,10.224328469446819
7463.036230273394,3.8667380463684595,10.295150016822516
7464.525450100022,4.100484675373051,9.96019844790334
7466.01466992665,4.7855262074888145,8.595697511674285
7467.503889753279,4.882291641737976,6.7948164996685945
7468.993109579907,4.67641095685245,6.496830091366036
7470.4823294065345,4.809827583932494,6.444305997431915
7471.971549233163,5.193867932955631,5.854791053068651
7473.460769059791,5.174684995063702,5.44618306848151
7474.949988886419,4.383781201595788,6.627630536238707
7476.439208713047,4.370197119353844,7.568913109263617
7477.928428539675,4.89436771482892,7.864321855796413
7479.417648366303,5.238646038372086,0.0
7480.906868192931,5.291539362309891,0.0
7482.39608801956,5.197541627649318,0.0
7483.885307846188,5.150085111184897,0.0
7485.374527672816,5.182278596725219,0.0
7486.863747499445,4.96890437903821,0.0
7488.352967326073,4.942101914948969,0.0
7489.842187152701,5.135679050062552,0.0
7491.331406979329,5.204277067029502,0.0
7492.820626805957,5.15820650421007,0.0
7494.309846632585,5.191968414067304,0.0
7495.799066459213,5.349433871625756,0.0
7497.288286285841,5.241351768792145,0.0
7498.777506112469,5.393907569258088,0.0
7500.266725939097,5.663016814015262,9.072165978825444
7501.755945765726,5.4411418454839025,9.508930774594566
7503.245165592354,5.119427209001801,9.948826986022475
7504.734385418982,5.098987280129014,10.024962328224412
7506.22360524561,5.377315724627294,9.857063614083069
7507.712825072238,5.511914284875364,9.901556825584962
7509.202044898866,5.415566755108843,9.37640548704167
7510.691264725494,5.310640208212965,9.726982618309101
7512.180484552123,5.297816686215175,9.742242743793684
7513.669704378751,5.317591425461542,9.739380891793052
7515.158924205379,5.327449887516624,9.702409727894324
7516.648144032008,5.303308015603588,9.520597084221551
7518.137363858636,5.222661973392893,9.24060210045302
7519.6265836852635,5.061223428777356,8.54043466755869
7521.1158035118915,4.959499137923001,8.382485415568768
7522.6050233385195,4.890403832334858,7.290188727756462
7524.094243165147,4.53503085061868,5.484164864805839
7525.583462991775,4.507691129391906,4.207530454145897
7527.072682818404,4.972253398822893,4.365986344754691
7528.561902645032,5.1933695719255955,5.849540135263435
7530.05112247166,4.975296165909635,8.023616864016141
7531.540342298289,4.588160726209466,7.831820074487797
7533.029562124917,4.378001170255818,7.878462998734325
7534.518781951545,4.58921029668561,8.415332851399265
7536.008001778173,4.708002633226061,9.511109001672455
7537.497221604801,4.516053188248368,10.464686059146315
7538.986441431429,4.395547326456672,10.34937984957514
7540.475661258057,4.525538301838879,10.197842720674423
7541.964881084685,4.7771502459434165,9.236076322500532
7543.454100911314,4.808310632184623,9.070555434645543
7544.943320737942,4.407881760263635,10.179232495147186
7546.43254056457,4.243251772407648,10.97190943086805
7547.921760391198,4.385180973623716,10.859599882141433
7549.410980217826,4.210973899611883,10.891244370898908
7550.900200044454,4.1473232982727195,11.183226693505576
7552.389419871082,4.438013322817341,10.278923033563869
7553.87863969771,4.3158076292164695,10.893746428732197
7555.367859524338,3.9621702086343897,11.472016928911213
7556.857079350966,3.856919902215101,10.550774907717093
7558.346299177595,3.9487309302341944,9.024461523604742
7559.835519004223,3.6858105709855136,9.303200912556656
7561.324738830852,3.287155408415478,9.993023695707066
7562.81395865748,3.272381758936784,10.776844335650381
7564.303178484108,3.431761744784519,9.171520581820175
7565.792398310736,3.474306963985824,8.315807714194678
7567.281618137364,3.5508400664132003,8.466767811505967
7568.770837963992,3.6107317952450884,8.630615271735246
7570.26005779062,3.332919223155087,8.080744908693463
7571.749277617248,3.29555467047118,7.125796875871824
7573.238497443876,3.6488227269768156,5.763187637429196
7574.727717270504,3.7491181778315235,5.454677170894852
7576.216937097133,3.8897054034920777,6.964098079099006
7577.706156923761,3.836224005771882,9.559690247812684
7579.195376750389,3.43828039298298,11.983326742411597
7580.684596577017,3.0771533331942624,13.299760062432231
7582.173816403645,3.2872108239920155,12.72288969147713
7583.663036230273,3.6752913240985716,12.287237101751032
7585.152256056901,3.604583686370397,11.199227426059384
7586.641475883529,3.457274881115084,9.830173778702736
7588.130695710158,3.251398225490536,9.24692665803474
7589.619915536786,3.061821698420573,9.96958460148135
7591.109135363415,3.444636316392344,11.027733900725238
7592.598355190043,3.535073356380298,12.368916867968494
7594.087575016671,3.1568938448542125,12.24150034131721
7595.576794843299,3.104885139252524,9.79171728763978
7597.0660146699265,3.1917495841565615,6.410079278040207
7598.5552344965545,3.3214125729685904,3.679504970575852
7600.044454323182,3.5495906815171407,2.374956641813855
7601.53367414981,3.772863639720095,1.854287875744797
7603.022893976439,3.9848589909261065,1.9359775095829321
7604.512113803067,3.9343243105396932,2.0685798356832077
7606.001333629696,3.4959566409116016,2.300069525619748
7607.490553456324,3.093637248500794,2.3250758964756066
7608.979773282952,2.932068407515687,2.242136341842451
7610.46899310958,2.808587318684947,2.565605838891971
7611.958212936208,2.609639094334721,3.2654795947068367
7613.447432762836,2.8325511405542425,4.102695871967811
7614.936652589464,3.1328943142916374,4.834735642510397
7616.425872416092,3.10681926522947,5.746994992639891
7617.915092242721,3.151747927371934,6.358609108042859
7619.404312069349,3.3978528708151443,6.6244262042324795
7620.8935318959775,3.1034027236616257,7.55442131693036
7622.3827517226055,3.6750690142737445,7.324416708140273
7623.871971549233,3.8626652522348754,5.809885089952149
7625.361191375861,3.588300737291267,5.273941596552352
7626.850411202489,3.4805946075476846,4.896881485094825
7628.339631029117,3.18210616211414,3.9284815471127468
7629.828850855745,2.3727850814526814,2.4871933192911304
7631.318070682373,3.300806339079471,1.6576488168302825
7632.807290509002,3.2311638744636917,3.7360779885048867
7634.29651033563,2.816837229982712,4.166124561554053
7635.785730162258,2.931215784269802,4.577880904381297
7637.274949988887,3.471388566577924,5.380866590446535
7638.764169815515,3.6649471326916334,6.308584308656444
7640.253389642143,2.8062053045452005,6.9134959479166085
7641.742609468771,2.988168546130382,6.82401267606044
7643.231829295399,3.10081301157525,7.277001321896122
7644.721049122027,3.1243556478097525,7.547963116656528
7646.210268948655,3.1388641298602016,7.512334840951099
7647.6994887752835,3.114195061569225,7.682813847535247
7649.1887086019115,3.06128112845537,8.31974952133514
7650.677928428539,3.332420282509526,8.000444922354161
7652.167148255168,3.0866664026188877,8.13893252776
7653.656368081796,2.82717935198003,8.788840164308299
7655.145587908424,3.02804303196093,7.927424887882927
7656.634807735052,3.4788621387878083,7.319606736334195
7658.12402756168,3.598168606348292,8.645162168631817
7659.613247388308,2.916027907357382,10.984866808934267
7661.102467214936,2.8491297654457397,10.275956746525354
7662.591687041565,3.0948765898346653,8.890279385022314
7664.080906868193,3.1264716257137946,7.744174345737312
7665.570126694821,3.061772919859955,8.000727439628331
7667.05934652145,3.036769798949184,9.531756189967782
7668.548566348078,3.0494702335256463,11.240617213025985
7670.037786174706,2.8927709765653655,12.570110172611987
7671.527006001334,3.0566735899138266,12.527607935919866
7673.0162258279615,3.0336481399148223,12.73165202635702
7674.5054456545895,3.0305271424147637,12.772826841338345
7675.994665481217,3.100079989195291,12.58562483971481
7677.483885307846,3.1720887477879574,12.46805340336751
7678.973105134474,3.1378628148564,12.896405970512644
7680.462324961102,3.0372066491077825,12.894783648022617
7681.951544787731,3.050247089979025,13.137491789406045
7683.440764614359,3.0851874519602123,12.523849125813637
7684.929984440987,3.2332084985401437,11.870270603368438
7686.419204267615,3.4352758002554085,11.448965637716892
7687.908424094243,3.4355966409723266,10.563781961341373
7689.397643920871,3.207806504710325,10.73894715772482
7690.886863747499,3.1896481002003787,10.73432334193482
7692.376083574128,3.0617034846661864,10.794640183633083
7693.865303400756,3.100766816136473,10.971344434176258
7695.354523227384,3.144349194123796,11.406956425890634
7696.843743054012,2.8874878090586034,12.094809647096397
7698.3329628806405,2.9942110006383333,12.198066898799066
7699.822182707268,3.2524761302439593,10.61129881208159
7701.311402533896,2.724070686846595,10.620103536269745
7702.800622360524,2.6632083342607444,11.204042843401885
7704.289842187152,2.8871909374639726,12.136017168652662
7705.779062013781,2.8156499816507936,13.329837528428708
7707.268281840409,2.9796922115203044,13.74803151855408
7708.757501667037,3.263541583022632,13.994725901843527
7710.246721493665,3.307744086010577,11.160948559933562
7711.735941320293,3.1513115303421584,7.299566345987158
7713.225161146922,2.8942998948064247,4.244518183154057
7714.71438097355,2.975156945150954,2.774832114296916
7716.203600800178,4.109817319802974,2.0777894497664255
7717.692820626806,3.3728575235374976,0.766800409679266
7719.182040453434,2.6746687875042494,1.8728750076345153
7720.671260280063,2.8011647187733932,3.2155023651110213
7722.160480106691,3.0309352941819183,5.34997703456523
7723.6496999333185,2.843091183921975,7.783277159290485
7725.1389197599465,2.549376090449671,8.099090260741567
7726.628139586574,2.407620012711939,6.849293635658231
7728.117359413203,2.6739710490004125,7.282007907246554
7729.606579239831,2.8203404025757735,8.708353356714358
7731.095799066459,2.803533295888165,10.466283494942983
7732.585018893087,2.8401174323482947,11.72187460099853
7734.074238719715,3.1367414070055557,11.798056575621962
7735.563458546344,2.7696151662586623,11.6234364593429
7737.052678372972,2.6580902749033717,11.11353577537305
7738.5418981996,2.75296730761634,11.153617193844006
7740.031118026228,2.935821166758757,11.598269629736665
7741.520337852856,3.097615525496215,12.093442354582368
7743.009557679485,3.1699472913599225,12.379748239365616
7744.498777506113,3.122308664966253,12.784831943052955
7745.987997332741,2.992109381483583,13.061519893950571
7747.477217159369,2.7687936233370096,11.52814065683504
7748.966436985997,2.6537787708210243,8.203343786395454
7750.455656812625,2.7408518686297003,4.296965096813591
7751.944876639253,2.9637095931025055,1.5902316103084773
7753.434096465881,3.0659254828353397,1.2284680497300058
7754.923316292509,2.8812262933592105,2.985770899976555
7756.412536119137,2.827500996444961,7.222006860057317
7757.901755945765,2.7960040171549454,9.450480290641382
7759.390975772394,2.64400734526495,8.160266917114363
7760.880195599022,2.3389416561231546,5.208876629815418
7762.36941542565,2.230063763755886,4.562164993950329
7763.858635252278,2.469984916646587,6.719495742409369
7765.347855078906,2.681360747288687,10.20095505258604
7766.837074905535,2.791081392487534,13.029134867951203
7768.326294732163,2.760684917566012,14.449505563351545
7769.815514558791,2.6357658456849458,14.655428472845779
7771.304734385419,2.8110042172361074,13.171438645771078
7772.793954212047,2.9510137102900975,10.923415002204031
7774.2831740386755,2.9234498574136825,9.193277870426622
7775.7723938653035,2.868089283919239,8.600941957245196
7777.261613691931,2.7829490054209245,9.033469304562738
7778.750833518559,2.652396912694397,9.567709430931638
7780.240053345187,3.138621059213185,7.99569015448563
7781.729273171816,2.9590138076401566,6.375198105135748
7783.218492998444,2.7076200310953085,6.5713448151311145
7784.707712825072,2.6837637431297514,8.755509999778262
7786.1969326517,2.7939937553731617,11.474756062289032
7787.686152478328,2.7082625039579025,12.53364761862704
7789.175372304957,2.69405428164017,12.550469169453832
7790.664592131585,2.899627738834156,11.336418761819111
7792.153811958213,3.017949896531696,9.04140423384775
7793.643031784841,3.0127382060276333,6.0709691067935
7795.132251611469,2.8517492215957567,3.3283384696690477
7796.621471438098,2.4773051396762766,2.076379239917055
7798.110691264726,1.9049499484101724,3.519397364109986
7799.5999110913535,2.3215489132595555,8.486995083273921
7801.0891309179815,2.885970727597793,11.639185794240154
7802.578350744609,3.083877098915515,13.159508512658121
7804.067570571238,2.876941877003945,13.864466999093585
7805.556790397866,2.7580889952992593,13.663469135643632
7807.046010224494,2.812731628085064,11.497791473722705
7808.535230051122,2.4077419180266704,8.270997948704345
7810.02444987775,2.4826003919788544,6.057046024812091
7811.513669704379,2.5609523031809713,5.921005999692805
7813.002889531007,2.331876636578301,7.984936916613568
7814.492109357635,2.587490821507105,11.291995073303633
7815.981329184263,2.7888987966655514,11.673129426694544
7817.470549010891,2.715245408572977,11.790241582155955
7818.95976883752,2.890149617267147,10.320306259822235
7820.448988664148,3.0982828580481754,7.2700980997753035
7821.938208490776,2.9436962689691373,3.8186671107120413
7823.427428317404,2.4744507585594526,2.507606348974525
7824.916648144032,2.2220857100178004,3.3658096206629926
7826.40586797066,2.517958199504073,6.370022607229637
7827.895087797288,2.9646575543929523,9.798657255693056
7829.384307623916,3.0358289469052444,12.1011537340088
7830.873527450544,2.4968939621734214,12.60322335522268
7832.362747277172,2.5974071617300756,13.182974752917428
7833.851967103801,3.0675246907858105,12.673441645981745
7835.341186930429,3.089652236207463,12.17696045020445
7836.830406757057,2.9305896755463365,12.486560747686772
7838.319626583685,2.8829987817950204,13.003375295761145
7839.808846410313,3.025545005238649,11.845405844330763
7841.298066236942,2.7011509764730013,8.325621470850848
7842.78728606357,2.51569071728205,6.1847633707520755
7844.276505890198,2.5986768746630418,6.305640788453831
7845.765725716826,2.7812915904183604,8.51016915415129
7847.254945543454,2.8523544353026358,11.210838354885071
7848.744165370083,2.6970590751470205,11.111234811149274
7850.2333851967105,2.6264870627073775,8.865509218862979
7851.7226050233385,2.7470887328886806,6.049350133587791
7853.211824849966,2.3433535645506094,3.843272912354686
7854.701044676594,1.720377246537975,2.5473121728657664
7856.190264503223,1.564027702754802,2.0808852436222702
7857.679484329851,1.9776817442199144,2.870408000010903
7859.168704156479,2.767225545339299,5.28924254889831
7860.657923983107,3.25727722448688,5.263134094774399
7862.147143809735,3.1232546414236086,4.9416924863550085
7863.636363636364,2.7786557442768736,5.717338061426218
7865.125583462992,3.1252139093001756,7.441392798451756
7866.61480328962,3.2205048983813174,9.190517151079867
7868.104023116248,3.266531117809697,8.24858097264159
7869.593242942876,3.251353759595219,6.589971599968826
7871.082462769505,3.091553493044711,5.054613411857886
7872.571682596133,2.7959985726251166,4.311929047235993
7874.060902422761,2.5874143714588147,5.264569293934326
7875.550122249389,3.4187409518687337,8.151975015941884
7877.0393420760165,3.0032676743477507,9.761796649560917
7878.528561902645,2.6755341687726384,8.688216820974311
7880.017781729273,2.719036404299723,6.350538598858413
7881.507001555901,2.666800626901462,5.402995694217996
7882.996221382529,2.1118888866232908,5.673118979825583
7884.485441209157,2.526081843207514,6.466389019498359
7885.974661035786,3.1113442877243345,7.8541340714531565
7887.463880862414,3.1376764097947736,8.936474154400582
7888.953100689042,2.5392532776385455,8.439412944873224
7890.44232051567,2.1900890769708656,5.012307354942037
7891.931540342298,2.5042284187303876,3.177257092138362
7893.420760168927,2.777791469976923,4.435851649092312
7894.909979995555,2.778407547511673,7.05618825841325
7896.399199822183,2.746162032485061,9.60290140594502
7897.888419648811,2.944177927254609,11.144385509907375
7899.377639475439,2.7571265094662407,11.89812697403673
7900.8668593020675,2.744955324590587,13.073079032838727
7902.3560791286955,2.6676289112995506,13.680326260536528
7903.845298955323,2.5150352984423296,13.382701921221445
7905.334518781951,2.4485006142753347,12.377529993743975
7906.823738608579,2.770239292192097,11.42147852935523
7908.312958435208,2.755404173940769,11.623991488380717
7909.802178261836,2.948918842253025,11.271728619724271
7911.291398088464,2.99031339027555,8.803000301158535
7912.780617915092,2.7257110814297207,5.1891554395105315
7914.26983774172,2.21111183726535,2.474523843988798
7915.759057568349,1.9254721762009055,2.177993876106793
7917.248277394977,2.43210359517276,2.721460075819357
7918.737497221605,2.87443104931485,4.575885547511621
7920.226717048233,2.9780439207784033,5.517093344401712
7921.715936874861,2.807213744854163,4.701487330407527
7923.205156701489,2.779392127560257,3.8347571534590985
7924.694376528118,2.7690710794426923,5.365662881483095
7926.1835963547455,2.769011014418028,8.09831571687877
7927.6728161813735,2.911816709219787,10.796456463235673
7929.162036008001,2.874350995506731,11.515959755321544
7930.651255834629,2.3910309257976574,8.786470935282605
7932.140475661258,2.992976756848134,5.35073013371411
7933.629695487886,3.226990472102672,4.873012954279961
7935.118915314514,3.1815454188996726,5.669355816051419
7936.608135141142,3.079665105961954,8.14874204066694
7938.09735496777,3.037664835162139,11.858049193073185
7939.586574794399,2.895841263179407,13.97782322347857
7941.075794621027,2.8770075921815006,13.512047244271185
7942.565014447655,2.7058271818451325,13.894146033613366
7944.054234274283,2.6600873541776653,13.252197784253326
7945.543454100911,2.79288977567665,11.576008805941616
7947.03267392754,2.923101228511965,10.40888570132693
7948.521893754168,2.573186120078233,9.066871011479906
7950.011113580796,2.1572300122913144,6.758621309324665
7951.500333407424,2.6651175150300004,6.074844722857974
7952.9895532340515,3.258895276131518,7.549425665184653
7954.47877306068,2.981152368373714,10.57656445557526
7955.967992887308,2.7918744948607275,13.19277994968377
7957.457212713936,2.8567697638897243,14.443385678797664
7958.946432540564,2.712063480483773,13.91371054944822
7960.435652367192,2.5169960473236874,13.525651240950857
7961.924872193821,2.7075593345598925,13.014718278244768
7963.414092020449,4.005202200464598,8.285475027086664
7964.903311847077,2.4460334211039605,4.130396882272075
7966.392531673705,1.8449635877355581,2.793220896039891
7967.881751500333,2.1930033128788415,3.3251106722963777
7969.370971326962,2.904904261123585,5.230564750376312
7970.86019115359,3.0791562850108076,8.328111080512784
7972.349410980218,2.561793624773702,11.289884326502584
7973.838630806846,2.2260374083697108,13.577634423108899
7975.327850633474,2.3874743626432884,13.56766881413815
7976.8170704601025,2.7399039298046306,11.354791025428975
7978.3062902867305,2.8638036665366595,8.052829380467156
7979.795510113358,2.831820706389922,6.131875398592604
7981.284729939986,2.78524393163519,5.110636371956209
7982.773949766614,2.562146720288025,5.501873304850544
7984.263169593243,2.5606129995681477,7.572372933697064
7985.752389419871,2.863410184273623,10.734225006469286
7987.241609246499,2.731087267750656,12.87182772543872
7988.730829073127,2.5410590101683326,13.167222277140478
7990.220048899755,2.589851878165867,12.488246187673472
7991.709268726384,2.7317745512929568,9.057662407709746
7993.198488553012,2.761125082365121,3.972123500622569
7994.68770837964,2.4665098990659238,1.4210527756136884
7996.176928206268,2.8436170551599647,0.25364133680605416
7997.666148032896,3.219857346870867,1.5922359812626385
7999.155367859525,3.316226507683785,5.59283674907501
8000.644587686153,3.0992870069996976,10.029095295894132
8002.133807512781,2.735426564049043,11.680855562867857
8003.6230273394085,2.7562157831474203,12.363313828486698
8005.1122471660365,2.713266031386988,12.469565914896515
8006.601466992665,2.759480001148663,12.900630956951485
8008.090686819293,2.8413333678167447,13.19905736967421
8009.579906645921,2.8801835890214527,12.935949068768162
8011.069126472549,3.0360137868443253,14.180741510979562
8012.558346299177,2.856613288739712,11.470237199074388
8014.047566125806,2.4698319157871373,8.974563311192783
8015.536785952434,2.2728854149264945,7.32993565603897
8017.026005779062,2.483996947886857,6.781418447353911
8018.51522560569,2.683921736181161,8.569469193126755
8020.004445432318,2.2609878609023006,12.804332878006926
8021.493665258947,2.495029105552069,13.996875313863061
8022.982885085575,2.9529730710776585,11.99204500603781
8024.472104912203,3.0969318974112867,8.052662584637012
8025.961324738831,2.5076356617674227,4.851487440563092
8027.450544565459,2.4085378794814187,3.6270463480131827
8028.939764392087,2.1639672398093355,3.6479748726369814
8030.428984218715,2.203582526894995,5.219991528746414
8031.918204045343,2.5509954149558864,8.15461471397742
8033.407423871971,2.685833493475484,11.625146907005096
8034.896643698599,2.629764004446475,11.888128582950968
8036.385863525228,2.6392903540754853,11.820017895006524
8037.875083351856,2.6066657353643894,11.161651659256728
8039.364303178484,2.589156976417398,10.36126096428117
8040.853523005112,2.7647603758806265,10.436715691735595
8042.34274283174,2.5120237986062808,10.548749747254007
8043.831962658369,2.564078851608249,10.462450625154823
8045.321182484997,2.7234463216419154,11.065484111649164
8046.810402311625,2.778449377662798,12.569683121818569
8048.299622138253,2.540074526389592,14.54249108453127
8049.788841964881,2.3447356852171386,13.354496419715371
8051.27806179151,2.5286475557520007,11.094971760710646
8052.7672816181375,2.390625082934457,8.926864608969085
8054.2565014447655,2.1379282271879556,7.8575805516932755
8055.745721271393,2.3440528997373433,8.698661020075646
8057.234941098021,2.7384969895168068,11.355723946879662
8058.72416092465,2.740580552591107,13.114534573825573
8060.213380751278,2.5998955958151884,12.309276066629428
8061.702600577906,2.3290826964039986,9.542782632995799
8063.191820404534,1.9828545181860335,6.526254060220657
8064.681040231162,2.659559562385244,5.8091590307580105
8066.170260057791,2.6618072719222856,6.777164477461879
8067.659479884419,2.419098199698269,10.177897202965404
8069.148699711047,2.289651119691088,13.661096316226065
8070.637919537675,2.498308197616246,14.465724452121254
8072.127139364303,2.4589764201449293,14.305400966134163
8073.616359190932,2.4242579056867117,14.167103624601333
8075.10557901756,2.300372651962293,14.80974797224287
8076.594798844188,2.209963925822509,15.328077334317086
8078.084018670816,2.3025586991531592,14.683236638726147
8079.5732384974435,2.499347640252663,14.114633386294342
8081.062458324072,2.4883555064415206,13.66373758018241
8082.5516781507,2.3707680336250014,13.724700412304053
8084.040897977328,2.421689126854557,13.380844806712394
8085.530117803956,2.790815011347282,11.959314267195237
8087.019337630584,2.574093820295586,12.464479364828627
8088.508557457213,2.3496273853040055,13.792113293681394
8089.997777283841,2.332025207228196,14.715474050712679
8091.486997110469,2.4080201859533865,14.6920707857475
8092.976216937097,2.368212697647491,13.412312483356095
8094.465436763725,2.004754646506022,10.597966995309477
8095.954656590353,2.6298518752614033,8.608869389713105
8097.443876416982,2.661711656286947,9.88325674520813
8098.93309624361,2.320320285712303,12.564629264902084
8100.422316070238,2.2302681922187886,13.756010029997913
8101.911535896866,2.133172522644313,12.61381780526147
8103.400755723494,1.7839316787937851,8.876592962494616
8104.8899755501225,1.8844175918137225,7.116941043024693
8106.37919537675,2.2213916747655618,8.45872363257623
8107.868415203378,2.3346545770555784,12.380398908208017
8109.357635030006,2.3009987127429303,14.758373897887441
8110.846854856634,2.2349225629853056,14.53429946301044
8112.336074683263,2.17802587072388,13.9253547780372
8113.825294509891,2.1539747202868944,13.345385759051451
8115.314514336519,2.175322765969948,12.809118171631384
8116.803734163147,2.207861713149132,15.174457901358195
8118.292953989775,2.1139873084998957,16.115980922843754
8119.782173816404,2.1348328394275886,16.287218694566516
8121.271393643032,2.2327288395272102,16.009027262913957
8122.76061346966,2.2392020009525857,15.509146661418594
8124.249833296288,2.11381784342619,15.243564097461501
8125.739053122916,2.060647605035075,14.97773879436293
8127.228272949545,2.134280180973449,14.639326750308424
8128.717492776173,2.317516057879068,14.238700245039196
8130.2067126028005,2.534104060908753,13.854067955595992
8131.6959324294285,2.3426264053789856,14.120486258746803
8133.185152256056,2.421677753093653,13.32422022358487
8134.674372082685,2.5729017675680654,12.290629447027976
8136.163591909313,2.608250269378364,11.448501646637515
8137.652811735941,2.3306182018680426,10.901601516503241
8139.142031562569,2.1858750814680996,11.029440921485168
8140.631251389197,2.3438378302237317,10.932873533063493
8142.120471215826,2.5207862987829617,11.070807118091592
8143.609691042454,2.4886658078535864,11.751772407780965
8145.098910869082,2.064422748199292,13.112488340429733
8146.58813069571,2.0750620094860053,9.611064014711857
8148.077350522338,2.421694892628524,6.953536770117686
8149.566570348967,2.558132640069489,7.261888253952598
8151.055790175595,2.310203434187953,10.529202614641072
8152.545010002223,2.3780967084505225,12.554478044834728
8154.034229828851,2.439851477627623,12.777399824578211
8155.5234496554785,2.413825793414605,12.576901503576433
8157.012669482107,2.320324611058244,12.538869647078606
8158.501889308735,2.213769557081766,12.984538936786665
8159.991109135363,2.2376445200213864,13.58029331648173
8161.480328961991,2.452312564732192,13.079363086959956
8162.969548788619,2.4838164059340415,12.373392711356699
8164.458768615248,2.2940393144905515,12.06529489715707
8165.947988441876,1.9740797167005137,12.5552983284905
8167.437208268504,1.998405098039796,12.985712556830151
8168.926428095132,2.124246308377343,13.595045030881295
8170.41564792176,2.2350375538353173,13.468958421708924
8171.904867748389,2.3575211470746438,12.869367048308371
8173.394087575017,2.5605309697931236,12.678714713552582
8174.883307401645,2.1672753024342097,14.741651998981332
8176.372527228273,1.9641038689810926,14.952117495133576
8177.861747054901,2.163027988889228,13.52204780038547
8179.3509668815295,2.579912213035642,11.433537687602094
8180.8401867081575,2.6029020449302824,10.661592505238138
8182.329406534785,1.929449758270501,10.117103638950098
8183.818626361413,1.8425724432682142,11.07803070944188
8185.307846188041,2.1237299731441417,11.946777562419697
8186.79706601467,2.4450276187310913,11.93695156096465
8188.286285841298,2.256130145134695,12.00257640502808
8189.775505667926,2.1362438393046315,11.790884365780446
8191.264725494554,2.1555889649027624,11.46282625114081
8192.753945321183,2.1923419579725505,11.561384882206289
8194.243165147811,2.1217424572468646,12.266940459795393
8195.732384974439,1.9194823436683353,11.61146182858277
8197.221604801067,2.209791151849487,10.778854452728414
8198.710824627695,2.297614574842131,10.532721332453413
8200.200044454323,2.3196993059579483,10.637780864636234
8201.68926428095,2.646469484433516,10.600652829881652
8203.178484107579,2.357179985807624,12.530745996311591
8204.667703934207,1.697291417012471,14.43353278903536
8206.156923760835,1.7987181068057516,14.632539423152386
8207.646143587463,2.5130136167766284,13.503227184222377
8209.135363414092,2.4594040464873763,13.437281129466259
8210.62458324072,2.03310902095593,14.146667487659768
8212.113803067348,2.10454550412161,13.74420927115472
8213.603022893976,2.3953073374684686,13.196256293077143
8215.092242720604,2.601456671048281,13.189085835246097
8216.581462547234,2.381379829909565,13.567274763312012
8218.070682373862,2.3868495612276877,14.249798917436836
8219.55990220049,2.2687881680425925,14.45725804711816
8221.049122027118,2.2241579915839957,14.296769764378045
8222.538341853746,2.4683316088185725,13.983322147647621
8224.027561680374,2.3690451335291627,12.964763845819595
8225.516781507002,2.185676905093323,12.928287899510618
8227.00600133363,2.1134321459368186,12.511398280280225
8228.495221160258,2.1131236975785384,11.5466676152025
8229.984440986886,1.9879646466181147,10.582354137322058
8231.473660813514,2.039050986501855,7.974526607547751
8232.962880640142,2.121977496768678,9.204031010109183
8234.45210046677,2.300959383611051,11.332367866279435
8235.941320293397,2.557963422494851,12.551139299977589
8237.430540120025,2.673580442680903,13.228035631499223
8238.919759946655,2.5488941618988386,14.19099076126042
8240.408979773283,2.469035780267751,14.392319835856293
8241.898199599911,2.3349573687472436,13.945345074362939
8243.387419426539,2.0848138233275257,13.113995025074098
8244.876639253167,2.7123104479350966,11.280407067305052
8246.365859079797,2.780321479658246,11.386160816232342
8247.855078906425,2.5708196725410497,12.295655384969132
8249.344298733053,2.3369944047932205,13.285928604958977
8250.83351855968,2.4085112257061305,13.645133508975627
8252.322738386309,2.1350346695981344,15.27018319441223
8253.811958212937,1.9438163316048007,15.91056205526577
8255.301178039565,1.9485842920378,15.594855224393852
8256.790397866193,2.1944083810577903,14.511521910743086
8258.27961769282,2.6064176622255144,13.023339917699253
8259.768837519448,2.608222013992604,13.24351303310005
8261.258057346076,2.3642539579380433,13.878370861901454
8262.747277172704,2.2020429927228338,14.226936363936407
8264.236496999332,2.4901762815649,13.77057705580264
8265.72571682596,2.493773771004031,15.043851070767865
8267.214936652588,2.334735585473656,15.451188049300399
8268.704156479216,2.2059219452004655,15.457345055311336
8270.193376305846,2.199270040473089,15.185232071207455
8271.682596132474,2.3246835346398846,14.336908035727518
8273.171815959102,2.460070134946316,13.122531442562966
8274.66103578573,2.5252297792842917,12.217246765049307
8276.150255612358,2.4102369790149694,11.268432996760183
8277.639475438988,2.085088979492163,9.591798880211043
8279.128695265616,2.154798085278173,4.353305637250486
8280.617915092243,1.969300214026716,2.5179631911580858
8282.107134918871,2.0145937538033714,2.0088949713532727
8283.5963547455,2.4220737212182333,2.2389748538982586
8285.085574572127,3.12199097159829,3.359738637831021
8286.574794398755,2.4203195911194184,4.8345487207795514
8288.064014225383,2.2714084327580615,3.71148355306033
8289.553234052011,2.3276585622041375,2.1062751463158307
8291.04245387864,2.3070638762446323,1.90262471876643
8292.531673705267,2.6279664897448396,3.8052225738993717
8294.020893531895,2.7671021180210946,6.328491816326299
8295.510113358523,2.5354453634234093,6.668434391403943
8296.999333185151,2.1435607501408422,4.920001975765999
8298.488553011779,2.0565099895118872,2.603498121365299
8299.977772838409,2.527131457203089,2.0843790788299428
8301.466992665037,2.954584186270078,1.3144603810958113
8302.956212491665,2.980931312838077,1.5924228339246393
8304.445432318293,2.519905638825697,3.972219173592817
8305.93465214492,2.282673564767026,9.555070073493047
8307.42387197155,2.630040193882391,11.091143467867688
8308.913091798178,2.6373872887169236,10.980304661290678
8310.402311624806,2.3402056290757254,9.537466455659658
8311.891531451434,2.126403877565896,6.556949715004786
8313.380751278062,1.990213116568213,5.938032247762814
8314.86997110469,1.8326214136039585,8.001148280529204
8316.359190931318,1.845915236752823,11.106842302578329
8317.848410757946,2.138261857423239,13.47125366949779
8319.337630584574,2.6710248780217105,11.599389784244673
8320.826850411202,2.6028601993733225,11.13378981321124
8322.31607023783,2.3353029765478883,11.927950059952824
8323.805290064458,2.1214075009031,13.314782946010158
8325.294509891086,2.2345102689278136,14.227465090724525
8326.783729717714,2.331655021806628,14.92362864457214
8328.272949544342,2.3315665836985233,15.545799799457011
8329.762169370972,2.331147141803137,15.503697457536985
8331.2513891976,2.4032192030166075,14.549225447080811
8332.740609024228,2.591885045862253,13.334210981959206
8334.229828850855,2.511360633172218,14.40844989899852
8335.719048677483,2.577480545672702,13.806974289067474
8337.208268504113,2.8058022409762553,11.976702249633716
8338.697488330741,3.0449324755567653,11.420689919327357
8340.18670815737,2.7863161773935192,10.333515765148544
8341.675927983997,2.4266526934448986,8.953145466824969
8343.165147810625,2.3969384709067243,6.346979317569024
8344.654367637253,2.944230508743273,2.3710641090844113
8346.143587463881,3.639632801345382,0.7777474081168083
8347.632807290509,3.8781351214706197,1.0503887215489223
8349.122027117137,3.661249646053417,2.3541863456922836
8350.611246943765,3.078269567594147,4.13802811568889
8352.100466770393,2.3447060311370036,5.675641770837541
8353.58968659702,2.0254554756327834,4.300104971088233
8355.078906423649,2.1081791738911817,3.2926539007466613
8356.568126250277,2.2772200422350357,3.947881077140096
8358.057346076905,2.2500868039490913,7.138218765012547
8359.546565903534,2.3224892607547014,11.758025784519482
8361.035785730162,2.454906530376515,12.10874744751569
8362.52500555679,2.5835651871042242,10.752638944456631
8364.014225383418,2.672914219130214,8.788158862497736
8365.503445210046,2.69129700571022,6.430987767171609
8366.992665036676,2.607031271089823,5.92201910256806
8368.481884863304,2.403304795242715,7.5230752690992135
8369.971104689932,2.2878941446055583,10.532658030051367
8371.46032451656,2.5200275407445285,13.861945685008045
8372.949544343188,2.435101145663067,15.029425472418124
8374.438764169816,2.414100547938733,15.302677536091982
8375.927983996444,2.5036852345984517,14.788481108234848
8377.417203823072,2.620918170862556,13.91679461795117
8378.9064236497,2.1523172676618962,14.637709402264047
8380.395643476328,2.425548471228512,11.38223811388487
8381.884863302956,2.360357256509119,7.688626670413653
8383.374083129584,1.997855259713921,4.833939215192138
8384.863302956212,1.9861335076814073,3.6855773307654554
8386.35252278284,2.532935827016282,5.55411235630148
8387.841742609467,2.867597843591919,9.12477418420374
8389.330962436097,2.8459125668176153,12.661004254005757
8390.820182262725,2.4384642695610252,14.458004317421592
8392.309402089353,2.4933008914362507,13.348370615192556
8393.798621915981,2.534786580619726,13.555613811314569
8395.287841742609,2.4215124177407596,13.444803067454687
8396.777061569239,2.1898936183407307,11.668559546279129
8398.266281395867,2.2484140800977386,5.783924535021915
8399.755501222495,2.7755222729331033,2.0566472920191843
8401.244721049123,3.154362345095375,0.5241905672893903
8402.73394087575,3.310963836361321,1.0051619905218285
8404.223160702379,3.3205460462111502,3.133011807744578
8405.712380529007,2.7623290069857855,9.796633675930849
8407.201600355635,2.4661726350970588,13.47604446358619
8408.690820182263,2.3474345415564417,14.878442549064115
8410.18004000889,2.293071083907527,15.044725431770846
8411.669259835518,2.1922339164135085,15.585727432571867
8413.158479662146,2.625381568530821,12.944046441927753
8414.647699488774,2.808658726817373,8.322472751612196
8416.136919315402,2.6067565511329907,3.2838471519034966
8417.62613914203,2.819348354850721,1.956435984230641
8419.11535896866,2.4721219577016864,5.196994452938542
8420.604578795288,2.118797104482811,9.408520419990056
8422.093798621916,2.0354108564230637,12.731942214836842
8423.583018448544,2.5388910722417855,12.977519342578479
8425.072238275172,2.5088516919630934,13.644226114888667
8426.561458101802,2.4635057975193018,13.258476188142836
8428.05067792843,2.5216233747990104,10.46783188512911
8429.539897755058,2.737928733298946,4.491632626991196
8431.029117581686,2.490122043078036,1.9489485122093102
8432.518337408314,1.9480488590741682,1.044558137495907
8434.007557234941,1.5689490701915902,1.9809254110473724
8435.49677706157,1.6634096342869,4.795823336561096
8436.985996888197,2.638824167906134,9.176249406381093
8438.475216714825,2.589068031574443,12.913654014291868
8439.964436541453,2.4691076115881696,15.041824985378
8441.453656368081,2.4677160238567994,15.664522227989824
8442.94287619471,2.473433550884537,15.642535359132179
8444.432096021337,2.529877140908035,15.74271878000326
8445.921315847965,2.586498442695551,15.783578594858927
8447.410535674593,2.5096697666057306,15.776803992627263
8448.899755501221,2.1387596284033927,15.755744384885555
8450.38897532785,2.556656964143353,12.993727652039823
8451.878195154479,2.604069168981938,8.724100901450802
8453.367414981107,2.3783619958612436,5.30126618642339
8454.856634807735,2.0216796780042565,4.366739958981894
8456.345854634363,2.168376172474599,4.779104919175584
8457.835074460992,2.5698865943135103,9.690274134179571
8459.32429428762,2.6506626967842477,13.931495989552703
8460.813514114248,2.3410559372290267,15.42607327642473
8462.302733940876,2.3583902482032637,14.37522070376394
8463.791953767504,2.616207756021845,9.395728502293661
8465.281173594132,2.3615863458551143,4.657248101604141
8466.77039342076,1.8124640094364333,1.6018059713474653
8468.259613247388,1.8342546839636298,1.5202594202046424
8469.748833074016,2.980414505518282,3.7556288679077143
8471.238052900644,3.1382469063027134,8.704949618866745
8472.727272727272,2.7391409637533974,13.387387342073506
8474.2164925539,2.625350526681008,13.824270188665773
8475.705712380528,2.2475710069556682,13.777947753090055
8477.194932207156,2.1887092231508847,13.78944165995185
8478.684152033784,2.281942020495525,14.456265658477822
8480.173371860414,2.356968894713804,16.074925617540192
8481.662591687042,2.06022547059597,16.212270747207658
8483.15181151367,2.1370158039665186,16.508966551941707
8484.641031340298,2.431646660346154,16.149784779714835
8486.130251166926,2.769319090474508,15.09663786051016
8487.619470993555,2.5725203187153864,15.507920516146429
8489.108690820183,2.3962944318915707,16.544200440248375
8490.597910646811,2.276977832603977,15.467483176904075
8492.08713047344,2.2062309945380982,12.098192180723535
8493.576350300067,2.1223387104829503,8.481512922786525
8495.065570126695,2.25250288975551,5.986711856605871
8496.554789953323,2.3306085354742674,5.9086910140522395
8498.044009779951,2.398775150246983,8.05000603436027
8499.533229606579,2.6292270651342995,11.623373936865868
8501.022449433207,2.6366143162843905,13.5036765998252
8502.511669259835,2.4130527096254983,11.988988349328352
8504.000889086463,2.179111920059682,8.255436366676522
8505.49010891309,2.2215800606689826,4.054258323636296
8506.979328739719,3.136952194422129,2.1032117749416024
8508.468548566347,2.931062109937442,3.668153320258865
8509.957768392977,2.4194175891473337,7.842268584946611
8511.446988219604,2.334168901775428,13.492163192186446
8512.936208046232,2.488519363450937,15.383663542157347
8514.42542787286,2.5707593357617986,15.38838817987604
8515.914647699488,2.621734617829014,15.347348180628902
8517.403867526118,2.6565386637321375,16.083225994140186
8518.893087352746,2.5985968072910315,15.271971843986647
8520.382307179374,2.500317666579165,14.882476135520474
8521.871527006002,2.4850094165802603,14.627358970382598
8523.36074683263,2.5550644756896643,14.58076142540107
8524.849966659258,2.4753906041327207,15.670629776976284
8526.339186485886,2.427105928496528,15.726471947066297
8527.828406312514,2.5164271829395286,15.589303564647347
8529.317626139142,2.6998980715161505,15.482244685626807
8530.80684596577,2.740897266402743,15.39189176102118
8532.296065792398,2.5544687305673577,15.890367094042803
8533.785285619026,2.48690890965989,16.024181504892027
8535.274505445654,2.4848809982542,15.768325567797548
8536.763725272282,2.286183955017956,15.440755659084438
8538.25294509891,2.376430934988096,12.490059560226644
8539.74216492554,2.6556386705776287,9.730706118572096
8541.231384752167,2.7614451891116456,8.42971206688618
8542.720604578795,2.098945691815101,10.225813212853922
8544.209824405423,2.3611638214528012,12.838403107159587
8545.699044232051,2.546719155243425,13.855897954771939
8547.188264058681,2.5285529895197194,12.776920653285748
8548.677483885309,2.221568126485457,9.170734414819034
8550.166703711937,2.3026199287122284,6.201755761323757
8551.655923538565,2.7036990147292403,5.423493397391331
8553.145143365193,2.994005760441707,7.159636876159773
8554.63436319182,2.757341828674376,11.614844212035988
8556.123583018449,2.22963309846223,15.2418442864709
8557.612802845077,2.3785728494087928,16.12618413496264
8559.102022671705,2.6237135606288113,16.05991492506931
8560.591242498333,2.519379877217512,16.44609597461726
8562.08046232496,2.1628812671821858,17.423934486983953
8563.569682151588,2.2274924462760644,17.16855809545005
8565.058901978216,2.4229745645244654,16.446903874491113
8566.548121804844,2.5553729476028946,15.697905725303904
8568.037341631472,2.4370079696364653,14.614853770974001
8569.526561458102,2.4501233903445283,15.61502292570647
8571.01578128473,2.48327531282636,15.959901600070465
8572.505001111358,2.4858559566345573,14.550008419036267
8573.994220937986,2.49045523159519,13.47649189362709
8575.483440764614,2.567896760178135,13.79998761833164
8576.972660591244,2.613804461529423,14.1376501141859
8578.461880417872,2.6065618887260302,14.038794083459319
8579.9511002445,2.6717867159363253,14.148512730209966
8581.440320071128,2.566071014566062,14.853888182719563
8582.929539897756,2.4002702337402755,15.969293922058547
8584.418759724384,2.257336294518863,17.048238839518255
8585.907979551012,2.3628303208097674,16.183359441060066
8587.39719937764,2.5851648886054157,14.196731900572304
8588.886419204267,2.6612572696704864,11.98264920965654
8590.375639030895,2.6199569890284993,10.283490885964866
8591.864858857523,2.9100292788723188,11.140748083784251
8593.354078684151,2.5076913248244077,13.111158538181998
8594.84329851078,2.196234045252408,14.169281297027984
8596.332518337407,2.2060602796949467,13.460678850041463
8597.821738164035,2.6682958864264252,9.703184073243442
8599.310957990663,2.9039057268869963,8.454995951639917
8600.800177817293,2.8765829505220486,9.539046367897008
8602.28939764392,2.643697634084873,12.356688719946105
8603.778617470549,2.416186506582134,15.108362800243542
8605.267837297177,2.472987620935484,15.777257704489214
8606.757057123805,2.480782966731165,15.407858609589256
8608.246276950435,2.405943345109835,14.42803365440232
8609.735496777063,2.347386317960075,13.479511810441132
8611.22471660369,2.478116278031458,12.079794562139215
8612.713936430318,2.495009869035612,10.634114780114333
8614.203156256946,2.4239717104911858,9.234226479278432
8615.692376083574,2.5047207632614477,7.930623615240596
8617.181595910202,2.437383298769262,6.62748714821525
8618.67081573683,2.7964253326372965,4.896988856739389
8620.160035563458,3.341716026953952,3.1416178847896323
8621.649255390086,3.1119963741391845,2.7122049634757883
8623.138475216714,1.9382718121006046,3.090307977941348
8624.627695043342,2.0033124404976013,3.096987617739823
8626.11691486997,2.9014275161060876,2.7997118325642307
8627.606134696598,2.4438436087396553,2.9576522269142522
8629.095354523226,2.2020128569139676,2.8350968821954776
8630.584574349856,1.939013332236938,2.836013150476039
8632.073794176484,1.6872680444432258,2.9525065817475182
8633.563014003112,1.66176763856285,2.9591864981512135
8635.05223382974,2.2496018205217587,2.365971845924866
8636.541453656368,2.704185916250312,2.555852836142943
8638.030673482997,2.748192655729379,3.457539443919703
8639.519893309625,1.9346212216597274,4.121167625182973
8641.009113136253,2.0664904484142763,4.251660940700732
8642.498332962881,2.4526453780903106,5.096030115090033
8643.98755278951,2.815844799400172,6.703766172370681
8645.476772616137,2.687868188259512,8.485494583653024
8646.965992442765,2.344453629530771,7.900353356264537
8648.455212269393,2.2634744332694714,6.323466975677859
8649.944432096021,2.5185920084078037,4.359036874402332
8651.433651922649,3.0315344668839863,3.1118366973321043
8652.922871749277,3.294063673504826,2.3988543832324747
8654.412091575905,3.3448613409531025,2.616359818492459
8655.901311402533,3.2244140490919477,3.4142278721401893
8657.39053122916,3.064505081844907,2.9794079550220824
8658.879751055789,2.8857027559998567,2.9995362929042044
8660.368970882419,2.6132543245923263,2.923604158616544
8661.858190709047,2.3597952482041165,2.691706808579324
8663.347410535674,2.7519233411515396,2.7268594823205055
8664.836630362302,2.462316006925049,2.9714875332410284
8666.32585018893,1.9049651468372164,2.7830545712721424
8667.81507001556,1.3546070972478512,2.2293645663918875
8669.304289842188,1.6650209075876548,2.8932027642699407
8670.793509668816,2.508640953020989,3.199309824366432
8672.282729495444,2.9396985476617794,3.407636515488014
8673.771949322072,2.665671377574845,3.655804219458453
8675.2611691487,2.2394791400490295,4.258960530887173
8676.750388975328,2.4956450613549572,4.0803885973313445
8678.239608801956,2.8228647368563475,4.201377378748018
8679.728828628584,2.924889063467333,5.0292108060037135
8681.218048455212,2.5791473917103755,5.612691152548303
8682.70726828184,2.374759521548994,5.88390258967393
8684.196488108468,2.338627785030794,6.348557771202371
8685.685707935096,2.4712307105347313,7.242465452877203
8687.174927761724,2.428905025721986,7.647599130932302
8688.664147588352,2.291253704225851,7.574274299830087
8690.153367414981,2.268658989688768,8.170806216599015
8691.64258724161,2.5036644045710514,10.170263930974645
8693.131807068237,2.580902408496197,9.52457876684808
8694.621026894865,2.389952994949859,9.705369779627967
8696.110246721493,2.275476698236756,10.5297841336742
8697.599466548123,2.5598949387081498,11.86509497956053
8699.088686374751,2.093789387717171,12.41494696576265
8700.577906201379,2.0724913492356505,11.40245190835317
8702.067126028007,2.2874057336371916,10.307980680448072
8703.556345854635,2.477346522020572,10.996363172139283
8705.045565681263,2.3634427773773354,12.281300845663026
8706.53478550789,2.3021766096173812,12.403219745970077
8708.024005334519,2.3419454814798324,11.7880019835815
8709.513225161147,2.54475415916629,11.234807967952936
8711.002444987775,2.472724553984804,12.29407355165381
8712.491664814403,2.4801730887057754,13.152256000719195
8713.98088464103,2.541057978514629,13.73123323821061
8715.470104467659,2.5153262164984227,14.243566950302945
8716.959324294286,2.4664928059878304,14.392089722056914
8718.448544120914,2.506293862519965,14.439313989985855
8719.937763947544,2.6066567935998433,14.496229717941821
8721.426983774172,2.611655740064545,14.799286134095082
8722.9162036008,2.427993733062486,15.414423760701235
8724.405423427428,2.3346862559566848,15.521061136417746
8725.894643254056,2.3783000581787745,15.098656933191236
8727.383863080686,2.419078421060986,15.206712423218839
8728.873082907314,2.358951919394678,15.297306070296674
8730.362302733942,2.27773187459236,15.739383216192227
8731.85152256057,2.2137271068413185,16.598861007740375
8733.340742387198,2.2383773077016076,17.0043274636014
8734.829962213826,2.1803019248337927,17.52197556928568
8736.319182040454,2.1296819093477253,17.183692531804496
8737.808401867082,2.1434685196631675,15.457877131996916
8739.29762169371,2.306499453569025,14.819796238096568
8740.786841520337,2.3992868453277794,14.182608341884812
8742.276061346965,2.381679357818802,14.175788231709973
8743.765281173593,2.2061038701007476,15.446263060729644
8745.254501000221,2.075718736039201,14.88973802399944
8746.74372082685,1.976757236200033,13.787887276061742
8748.232940653477,2.0270744779523966,12.679746635807769
8749.722160480107,2.422698424386483,12.355210428634175
8751.211380306735,2.481268432182633,11.625792424504311
8752.700600133363,2.3441921013882,11.198951947373267
8754.189819959991,2.1108659371397764,11.10630596664567
8755.679039786619,1.9893599969289162,11.300887425415064
8757.168259613249,1.95509642564652,9.943301459891146
8758.657479439877,2.4957183850672924,6.590227937141407
8760.146699266505,3.4211651544664705,2.273875848522556
8761.635919093133,3.4697613825052604,1.9907949105934222
8763.12513891976,2.822600445590813,2.071043399495733
8764.614358746388,2.1074320465009233,2.591659380063409
8766.103578573016,1.6226156088888455,3.3269725157291217
8767.592798399644,2.1465444838569927,1.80730241030369
8769.082018226272,3.097880726225088,1.2496157605078717
8770.5712380529,3.3468901481963718,1.4734880632643041
8772.060457879528,2.2082806857887203,2.4832422287379696
8773.549677706156,2.3111017602330985,6.53726590824479
8775.038897532784,2.4669589345611964,7.225920095316047
8776.528117359412,2.5873157933008746,5.526718664494291
8778.01733718604,2.568134888384321,2.291058543732645
8779.506557012668,2.948504533806888,1.2363755835348735
8780.995776839298,3.195217482219654,0.9728657163551517
8782.484996665926,3.218087234443356,1.6037737683447655
8783.974216492554,2.8585917379107957,3.610180013456385
8785.463436319182,2.3525363296384563,8.949925449937387
8786.95265614581,2.2719104709390634,12.976188550743656
8788.44187597244,2.592427222630495,14.325817410016468
8789.931095799067,2.861524702232698,10.23869454392758
8791.420315625695,2.509333095782197,5.206895084520507
8792.909535452323,2.359879568271887,2.8377367450735624
8794.398755278951,2.665005485916414,4.22822370317895
8795.88797510558,3.085740353830321,7.2360024822383195
8797.377194932207,2.8503844542907726,12.253280055182893
8798.866414758835,2.480644266897984,15.883881697708233
8800.355634585463,2.3134662604184286,15.738914816254644
8801.844854412091,2.431812298277005,15.791615932647822
8803.334074238719,2.337214610102593,15.98042405090806
8804.823294065347,2.15936968049516,16.39362468702965
8806.312513891975,2.074169291844095,17.18627612288627
8807.801733718603,1.9680970192019271,16.380752129231222
8809.29095354523,2.090308050196366,14.554380725495482
8810.78017337186,2.3502719742870424,12.416618739216343
8812.269393198489,2.4264970818819567,11.871958090985139
8813.758613025117,2.394919939320027,12.91650667001013
8815.247832851745,2.4311193192442127,14.176337826330808
8816.737052678372,2.5435560566727147,15.271951810307998
8818.226272505002,2.4521191631761994,15.98114627391548
8819.71549233163,2.346964549203225,16.038164224026954
8821.204712158258,2.2360637477683594,15.853718523718557
8822.693931984886,2.131535584190962,15.545783008252466
8824.183151811514,2.5173241223506433,9.392737886860811
8825.672371638142,2.725446583137114,4.0317669824476745
8827.16159146477,2.6230667685450095,0.4765694484821879
8828.650811291398,1.9830305276460356,0.3661171860016069
8830.140031118026,1.9160472304723444,0.2283109196639987
8831.629250944654,2.148716930555567,1.3947968384922902
8833.118470771282,2.527941088788072,3.5559627439037422
8834.60769059791,2.6768948846185516,5.517375192790801
8836.096910424538,2.208358544048449,3.590892336262253
8837.586130251166,1.7136194207359732,1.9095856137318352
8839.075350077794,1.419937579170879,1.7016892164545132
8840.564569904423,1.9006530502443033,3.7417531538735216
8842.053789731051,2.1197289743528818,9.254179591850821
8843.54300955768,2.2016943833719687,14.078333611646551
8845.032229384307,2.2154898400469127,15.349350968793676
8846.521449210935,2.049020147493314,14.741428136311022
8848.010669037565,1.9604151659028275,12.747644518719696
8849.499888864193,1.9877252404438916,9.694970694691277
8850.989108690821,2.211079663362792,5.9648334668123395
8852.478328517449,2.4431029257430175,5.450183929194136
8853.967548344077,2.463599402967512,7.301853625447891
8855.456768170705,2.265773895133727,11.039677737185077
8856.945987997333,1.9399992911722195,15.23805792574603
8858.43520782396,2.044024109779257,15.822068477334978
8859.924427650589,2.1794617776847414,15.53696830248861
8861.413647477217,2.1850000155100857,15.377347203836402
8862.902867303845,2.1469882426145768,13.402410785636118
8864.392087130473,2.2559975221833977,11.735895123647367
8865.8813069571,2.2653486030866223,9.553737380144366
8867.370526783729,1.8750458616465517,5.817767974895311
8868.859746610357,1.9799950363956975,3.312428893290914
8870.348966436986,2.1332170402423234,2.9771632742905387
8871.838186263614,2.2690235665184524,5.044803740035579
8873.327406090242,2.2897454897049143,10.388185280893431
8874.81662591687,2.2260872821059015,14.623666653942944
8876.305845743498,2.1643950338491944,17.009624059731088
8877.795065570128,2.1407938458787856,17.3409694536673
8879.284285396756,2.264294677636827,17.08098961105783
8880.773505223384,2.095241696192873,17.169653502904225
8882.262725050012,1.9588735638515096,16.424081336337775
8883.75194487664,2.153975426216982,13.633805385610584
8885.241164703268,2.2617196022000914,5.659676275344887
8886.730384529896,2.5337592244259013,1.3910170512972666
8888.219604356524,3.0105137516264406,0.4643775579424473
8889.708824183152,3.8084488007452477,1.2537752452650492
8891.19804400978,3.565044939982834,3.236888405843551
8892.687263836408,2.9169668907042063,7.810311250160214
8894.176483663035,2.091947935921001,14.65670366368244
8895.665703489663,1.847716787443212,15.310769742317147
8897.154923316291,1.835339029653034,15.163916729917169
8898.64414314292,1.9423746271452447,14.782274365235903
8900.13336296955,2.0950895378319987,14.607568469241556
8901.622582796177,1.9466290007324347,10.995586270036096
8903.111802622805,1.350796783629081,6.4209085496315765
8904.601022449433,0.7207239990069098,2.065289851793487
8906.090242276061,1.2357643601382429,0.9348534979130156
8907.57946210269,1.8010334012858882,3.523815518427855
8909.068681929319,2.274084063392413,7.397603874720884
8910.557901755947,2.592806060733057,11.56500815202926
8912.047121582575,2.5638422530832217,11.713324219893167
8913.536341409203,2.294036821287365,13.428688310020938
8915.02556123583,2.005540959700325,15.088968234457338
8916.514781062458,1.9156725057445052,15.067695837341
8918.004000889086,2.1889412143511535,8.302214248755405
8919.493220715714,2.6187246026898103,3.1525511925321554
8920.982440542342,3.093645928767396,0.3577742767168638
8922.47166036897,3.284711473291971,0.706878655331864
8923.960880195598,3.0436224817915742,2.2887292933065484
8925.450100022226,2.6483790156408973,5.50414267941124
8926.939319848854,2.2111628941501937,10.415744072478425
8928.428539675482,2.2690061943475968,11.385051702851483
8929.917759502112,2.239509600635199,11.472427113584892
8931.40697932874,2.1167248487207253,11.532360968350934
8932.896199155368,1.8675144823637757,12.747672350453287
8934.385418981996,1.906915235333272,13.689316789973605
8935.874638808624,1.9401050707208987,14.019100980426131
8937.363858635252,1.9062760241140884,13.89287347415202
8938.853078461882,1.684648069139773,14.429366242480757
8940.34229828851,2.0568959891901697,12.915751095049478
8941.831518115137,2.343678674727209,9.67760796441479
8943.320737941765,2.1383353956364126,4.633413643078719
8944.809957768393,2.2448144844137494,0.0
8946.299177595021,2.3005007407656164,0.0
8947.78839742165,2.2887223704766626,0.0
8949.277617248277,2.1682835782992234,0.0
8950.766837074905,2.159295342891622,0.0
8952.256056901533,2.1260410477877367,0.0
8953.745276728161,2.0524359994998687,0.0
8955.234496554789,2.2121959756700234,0.0
8956.723716381417,2.3017977123622217,0.0
8958.212936208045,2.3214190437335382,0.0
8959.702156034673,2.253319741707254,0.0
8961.191375861303,2.0395351649519347,0.0
8962.68059568793,1.8566200148411633,0.0
8964.169815514559,1.7985978181823556,3.396587730890909
8965.659035341187,2.264582301375686,9.026587094516646
8967.148255167815,2.3590768165945915,11.531617771349486
8968.637474994444,2.294528966164168,12.83089007167166
8970.126694821072,2.1658434379930918,13.817134840788054
8971.6159146477,2.1752567680431505,12.703722295907442
8973.105134474328,2.333653372715383,11.218091342832054
8974.594354300956,2.5554869100843387,10.094077512374414
8976.083574127584,2.6359137258234027,11.242948105685002
8977.572793954212,2.032282432359601,13.70734067994845
8979.06201378084,1.7400443434845374,14.581688825215751
8980.551233607468,2.0536451334166044,12.930019133772253
8982.040453434096,2.1054522256795978,10.880576170340863
8983.529673260724,2.138056831961993,10.556968258916445
8985.018893087352,2.2297976522832754,10.908932181946987
8986.50811291398,2.5155335117863755,10.596482382134118
8987.997332740608,2.6337489316179195,6.047117811926122
8989.486552567236,2.3502737872620885,2.735610398005195
8990.975772393866,1.697501121168788,1.6247345664392716
8992.464992220494,1.3623420321806528,2.79454610636572
8993.954212047121,1.8485115964674323,5.807313030176582
8995.44343187375,2.507843698254233,8.82255856307455
8996.932651700377,2.7878395622360967,10.143766074284782
8998.421871527007,2.4263995090427524,10.615426795915164
8999.911091353635,2.0856662360717153,7.749633093348766
9001.400311180263,1.806210920798159,2.578403132118915
9002.889531006891,1.5074340591842976,0.9402021702194991
9004.378750833519,1.7144343704557687,0.24354754318611538
9005.867970660147,2.092002445445785,2.2097273961957127
9007.357190486775,2.4689928763291586,8.406373600081606
9008.846410313403,2.4093937192798296,11.693626403298847
9010.33563014003,2.3544836581956736,13.834194993605937
9011.824849966659,2.243864358825424,15.20895840723807
9013.314069793287,1.8024126300708125,16.632461851495755
9014.803289619915,2.0555918442587364,16.08434862353345
9016.292509446543,2.125501283720003,15.597269385786339
9017.78172927317,1.6123125927461843,16.050616434298792
9019.270949099799,1.4692140332821682,16.893911491309492
9020.760168926428,1.6009833936656166,16.235272426992942
9022.249388753056,1.9006110474178262,14.786688885403283
9023.738608579684,2.1520518860893425,14.12393680895316
9025.227828406312,2.0745331375894565,14.816408246178524
9026.71704823294,1.8633820054654606,15.935874655092833
9028.20626805957,1.5878025253991987,17.138301250265386
9029.695487886198,2.0605419808600605,14.76103495570533
9031.184707712826,2.205332073091312,13.994739914325066
9032.673927539454,2.137841086376534,14.372808988166005
9034.163147366082,2.015772401941849,15.36369791167185
9035.65236719271,1.994869337865106,14.535789333652936
9037.141587019338,2.023899055308679,11.793134022939721
9038.630806845966,2.1082840867865213,7.094816815590633
9040.120026672594,2.621985436660881,4.279796895490287
9041.609246499222,2.6966534928879398,3.540694470754615
9043.09846632585,2.435154106103231,5.587957528198501
9044.587686152478,1.8888325424504258,12.747022355917595
9046.076905979106,1.89587901223946,13.622677712558767
9047.566125805733,2.1016440861245957,11.764290201719227
9049.055345632361,2.4065545094774623,7.931995490071204
9050.544565458991,2.2551798860362036,4.148063473843166
9052.03378528562,2.307393749872993,2.800044033084682
9053.523005112247,2.4103924475732392,3.765997346288926
9055.012224938875,2.3265364237831547,7.70015106930037
9056.501444765503,2.266823088983749,11.962178425851647
9057.990664592133,2.147206214116975,14.303318245349502
9059.47988441876,1.9523710053641783,14.22961009117796
9060.969104245389,1.8489953197358437,15.0122062936776
9062.458324072017,1.9412033951472334,14.865633772793558
9063.947543898645,2.08911247494021,13.999559094919157
9065.436763725273,2.0749660215623895,12.494957459693353
9066.9259835519,2.10413667764305,11.925816148902555
9068.415203378529,2.033933244826517,11.69515121678148
9069.904423205156,1.841743142862811,11.626865311275894
9071.393643031784,2.0360364945200207,10.429340099582301
9072.882862858412,2.185994243724868,10.228385113119371
9074.37208268504,2.187948629168354,10.357175363123314
9075.861302511668,1.7889227420036165,9.694436068749493
9077.350522338296,1.915974930352896,10.233331146730238
9078.839742164924,2.0207230283663247,11.937279215725683
9080.328961991554,1.9502776155716413,14.782742738678117
9081.818181818182,1.910454915386828,13.421844040091125
9083.30740164481,1.980465340631741,12.799819554187161
9084.796621471438,2.097083843668937,12.779539880988807
9086.285841298066,2.1349827137715613,13.299047444640795
9087.775061124696,2.0346454034413424,12.642263483826854
9089.264280951324,2.025666136667231,12.077418067295298
9090.753500777952,2.198851154205906,12.055676514165276
9092.24272060458,2.0220786219707425,8.613297972035815
9093.731940431207,1.819667729558051,5.576458536217465
9095.221160257835,1.6662686664780042,3.8328254745305124
9096.710380084463,1.8034471964270105,6.530812348959007
9098.199599911091,2.022786982868278,9.761323732781431
9099.68881973772,2.1760886441706524,11.572480830838437
9101.178039564347,2.1789508117653074,10.735343419996976
9102.667259390975,2.16366809440446,7.287114299631053
9104.156479217603,1.9041438965406001,5.484731493765742
9105.645699044231,1.593706870267678,5.294841561766817
9107.13491887086,2.072744560679349,6.501451811720355
9108.624138697487,2.445293144176604,8.900656530850203
9110.113358524115,2.593231904558832,11.396314295262
9111.602578350745,2.365936718695551,13.267113185021135
9113.091798177373,2.1533883353491285,15.573780796206467
9114.581018004,2.041614456755929,16.535219892934848
9116.070237830629,2.0303882931490085,16.165706672494498
9117.559457657257,2.0780342481550016,15.490785438054662
9119.048677483886,2.0428201808769653,13.879985673086498
9120.537897310514,1.9970812524621226,12.72975209336061
9122.027117137142,2.013362417989998,13.714275454104015
9123.51633696377,2.002084317411002,15.592738098050319
9125.005556790398,1.9277728009650523,17.084002301740764
9126.494776617026,1.8041193081639693,17.80649732964013
9127.983996443654,1.985234150530208,15.442696952463432
9129.473216270282,2.159301856344565,13.789504238862772
9130.96243609691,2.3071235634808547,12.610615089080992
9132.451655923538,2.381717441804466,11.696913041195089
9133.940875750166,2.4495516234740706,11.659433337584
9135.430095576794,2.514934738412258,11.222590238025424
9136.919315403422,2.578871749244098,9.936205274587456
9138.40853523005,2.489888332680177,10.65265832369217
9139.897755056678,2.254836310765093,11.744715343021387
9141.386974883308,1.9716911747652714,13.230165658301456
9142.876194709936,1.9600240447500075,15.331748308725153
9144.365414536564,2.1632519292738137,15.008594388206795
9145.854634363192,2.3510590261893127,14.384173729566054
9147.34385418982,2.3771359958039593,14.677129709082084
9148.83307401645,2.3882587462169504,13.804623506122534
9150.322293843077,2.4752154853948554,11.665814259659587
9151.811513669705,2.576454690803307,8.514714043871338
9153.300733496333,2.157424366022822,6.273654086963834
9154.789953322961,2.419681642918705,4.2661221962754965
9156.279173149589,2.8438755537374263,3.4417005600935378
9157.768392976217,2.854683538491302,5.522927398949831
9159.257612802845,2.56311229232193,0.0
9160.746832629473,2.2251131473551213,0.0
9162.2360524561,1.8980858172328903,0.0
9163.725272282729,1.7173885337880443,0.0
9165.214492109357,1.8030461886879872,0.0
9166.703711935985,1.989018659629528,0.0
9168.192931762613,1.8529826276099164,0.0
9169.68215158924,1.8120459988957898,0.0
9171.17137141587,1.8837976832868564,0.0
9172.660591242498,2.1100655541493567,0.0
9174.149811069126,2.167546260344416,0.0
9175.639030895754,2.1013521034622227,0.0
9177.128250722382,1.9832355790980725,0.0
9178.617470549012,2.3504976515969958,10.100337515746139
9180.10669037564,2.239952955357751,12.017219980728783
9181.595910202268,1.9749549300235099,14.449524297848912
9183.085130028896,1.9203823490074343,15.141519235090342
9184.574349855524,1.9521233397773223,13.960912467017668
9186.063569682152,1.9597746564258955,13.455232228903776
9187.55278950878,1.9108183777135161,14.388769840098739
9189.042009335408,1.8684114818603135,15.754682811228653
9190.531229162036,1.8067232517785974,17.116119892371792
9192.020448988664,1.7325410457699522,18.16399416682221
9193.509668815292,1.6671730138133187,17.563798992021066
9194.99888864192,1.7922583732696862,16.079956642844298
9196.488108468548,1.9591015960259992,14.544082697985452
9197.977328295176,2.0666560996739953,13.592906265316868
9199.466548121803,2.017514471076244,14.125745530539543
9200.955767948433,1.9904953207968976,15.097416485742867
9202.444987775061,2.017627526300092,16.26464484329898
9203.93420760169,2.202331724372121,15.407974733345267
9205.423427428317,2.161457943121773,13.359351743015045
9206.912647254945,2.0295486258682103,11.084811622221308
9208.401867081575,2.0775472474577663,10.774875031587476
9209.891086908203,2.214968152201188,10.825530929645089
9211.38030673483,2.3493800634501842,10.924835131993387
9212.869526561459,2.4308244467470157,10.921915132472863
9214.358746388087,2.289450186747975,12.75019727173562
9215.847966214715,1.9459487512822498,12.884909007744218
9217.337186041343,1.4668105820780593,11.227880564611613
9218.82640586797,1.5409099538247661,9.792916568719166
9220.315625694599,1.688635069478735,10.127740056047125
9221.804845521227,1.9238732922205026,11.183139098476829
9223.294065347854,2.322213385485911,11.501775245690663
9224.783285174482,2.3888719331063366,9.884286965207634
9226.27250500111,2.119919624997254,8.557430888857287
9227.761724827738,1.4305806523117095,8.51373796847629
9229.250944654366,1.6035949955065196,9.828955707622606
9230.740164480996,1.8592985939941349,11.340275820182642
9232.229384307624,2.1030009194496344,12.882691112098005
9233.718604134252,1.9176853453478528,13.649022832619664
9235.20782396088,1.945724386467865,13.518105194394215
9236.697043787508,2.093886588510217,13.155641319188142
9238.186263614138,2.285611275417623,13.49294373602314
9239.675483440766,2.0609617086362544,14.401046633820089
9241.164703267394,1.9226114380446928,14.539396993271701
9242.653923094022,2.0806390212450396,13.220812736929041
9244.14314292065,2.4853343419382936,12.971623216817466
9245.632362747278,2.4837314792326484,13.285611466878974
9247.121582573905,2.117631945424755,13.959033652329037
9248.610802400533,1.9026024710479703,13.630438314859322
9250.100022227161,1.848638890232932,12.21907893959166
9251.58924205379,1.8174791237274701,10.738247852277311
9253.078461880417,1.593098317834464,10.83323404653554
9254.567681707045,1.735508226115476,11.693071011398759
9256.056901533673,1.9110372258426194,12.531612667283712
9257.546121360301,1.990950406272536,13.01907884993198
9259.03534118693,1.9623353357077087,14.154519503817422
9260.524561013559,1.992122957433957,14.433407717296035
9262.013780840187,2.0857702099565576,13.76875601997561
9263.503000666815,2.194045624927054,12.116837404801236
9264.992220493443,2.1558010439771382,12.289746061220441
9266.48144032007,2.0324138250533674,13.465792445746072
9267.9706601467,1.8909798179133763,14.652649772065866
9269.459879973328,2.032207558274313,15.10249355986416
9270.949099799956,2.141555541644801,15.239134590924357
9272.438319626584,2.0416051861719433,15.179370101386223
9273.927539453212,2.100046801961851,14.39997186452794
9275.41675927984,2.124059814285595,14.305822634593799
9276.905979106468,2.081460056039987,14.95606129545086
9278.395198933096,1.7589557107943852,14.081098436550528
9279.884418759724,2.013501139370695,12.307067632558377
9281.373638586352,2.427442207258723,10.637333229658402
9282.86285841298,1.8547009795354374,12.176921183009082
9284.352078239608,1.7961625518562194,12.889536022835122
9285.841298066236,1.94996286799054,12.177950618491128
9287.330517892864,2.1768788078743975,8.89967434522579
9288.819737719492,2.20997593015471,8.314125304521836
9290.30895754612,2.208105892294541,8.707980511447632
9291.79817737275,2.1989196383256786,9.846287872634079
9293.287397199378,1.7056628510318708,10.204448181054968
9294.776617026006,1.6939384535952258,9.165001399515688
9296.265836852634,2.0022311993986897,7.322733725378485
9297.755056679262,1.8785536376828995,7.59115568556283
9299.244276505891,1.8085945334577158,8.782189967318693
9300.73349633252,1.8207811743257296,9.71545697259133
9302.222716159147,2.0067168455614066,8.589327468309028
9303.711935985775,2.08097277186225,6.557325632634905
9305.201155812403,2.177014445233757,4.227486515555412
9306.690375639031,2.354541973475837,1.7568070320975004
9308.179595465659,1.6899917631273857,0.8581062209133731
9309.668815292287,2.429349782337131,0.3941541189518552
9311.158035118915,4.478948264782044,0.27292379718390203
9312.647254945543,2.907776688535181,0.43217766082939946
9314.136474772171,1.3554608830302133,0.33739245934069273
9315.625694598799,0.8019167393797778,0.13679818961927884
9317.114914425427,4.904214060384291,0.19166903572571176
9318.604134252055,4.925223023877731,0.10138187557945454
9320.093354078683,3.454786540791149,0.3594224679440545
9321.582573905313,1.9867388920881237,1.586721928623353
9323.07179373194,1.3220640494751836,1.07721804855683
9324.561013558568,1.254026658844105,0.4796452782039975
9326.050233385196,1.8404338789506314,0.1955053807590731
9327.539453211824,2.786473159874832,0.31712955885558985
9329.028673038454,3.079684571317847,1.3184726209154256
9330.517892865082,2.738353869790235,3.0684531573406146
9332.00711269171,2.033353036765662,4.463434907327195
9333.496332518338,1.8720552432373472,4.3347044527278396
9334.985552344966,1.9543104718406314,3.3785045897419677
9336.474772171594,1.7819994842468156,2.5493615687471647
9337.963991998222,1.9681225513392677,1.6874056145586354
9339.45321182485,2.261330583836063,0.9916645816977402
9340.942431651478,2.5310623961658196,0.6894336302567244
9342.431651478106,2.0057027294324223,1.1271736304329376
9343.920871304734,1.648260548103451,1.4550475381045083
9345.410091131362,1.6934900471464733,1.4719995559835366
9346.89931095799,1.9327792112718187,1.145253415648365
9348.388530784618,2.254621046910053,1.6720578459221036
9349.877750611246,2.5984567290922365,2.8827419351153027
9351.366970437875,2.449808882021932,3.289023603398704
9352.856190264503,2.1736665196599243,3.3394685018675805
9354.345410091131,1.9374727528695306,3.1645438995469894
9355.83462991776,2.1645862157762306,2.8881700010992573
9357.323849744387,2.339299622401289,3.053579137436046
9358.813069571017,2.2648885645720487,3.271290837902503
9360.302289397645,1.6526573784093306,3.2608454835381373
9361.791509224273,1.6044989046045879,4.5261132183431005
9363.2807290509,1.7236773200713604,5.654129789221548
9364.769948877529,1.947661881599028,6.263305615326175
9366.259168704157,1.7005675084116925,5.357219323751668
9367.748388530785,1.3467351193526296,4.168355200838107
9369.237608357413,0.9755271271414597,2.811749716691281
9370.72682818404,1.600852529683985,2.1069760318143107
9372.216048010669,3.0287089024260405,1.2485707707866966
9373.705267837297,4.0770084058172795,0.39842906239317
9375.194487663925,0.5915897096484306,0.08808732876139863
9376.683707490552,-2.8870077647476147,0.052547424371424574
9378.17292731718,-4.476852028984188,0.08708903359978641
9379.662147143808,-0.8172647611346093,0.013549116245634457
9381.151366970438,2.834167029546394,0.28169032647979014
9382.640586797066,4.318946321143453,0.8877650514504338
9384.129806623694,2.0091766681362944,1.9509147803927895
9385.619026450322,2.0045370134089895,3.0926313055679415
9387.10824627695,1.985181055936728,4.0460988961325395
9388.59746610358,1.6973487179953914,4.7855090110937
9390.086685930208,1.6284762445950627,6.9361089713154485
9391.575905756836,1.8352652759891726,8.52444570686395
9393.065125583464,2.197218427333503,9.582804993356703
9394.554345410092,2.0204890909360054,9.93986461670969
9396.04356523672,1.9115057707418646,9.581549208140038
9397.532785063348,1.8300473386737692,8.768318823507567
9399.022004889976,1.71634808485055,7.640052493372488
9400.511224716603,1.7531880713195191,5.395492495906765
9402.000444543231,1.9234773254454876,3.1483405592481133
9403.48966436986,2.2933430136838857,1.797978729754283
9404.978884196487,2.609012811168318,1.7783777139988963
9406.468104023115,2.7269010942936176,2.840117645457943
9407.957323849743,2.545418867093689,5.226231977279859
9409.446543676371,2.1424933096348093,7.204294552226216
9410.935763503001,2.05075808295923,7.821431359710342
9412.424983329629,2.2974981490332285,6.991643513384731
9413.914203156257,1.7442633461542454,6.244568257104149
9415.403422982885,1.6146356801786483,6.443088096420067
9416.892642809513,1.7762925324908951,6.906647576569464
9418.381862636143,1.6793171608948236,3.6621869962704485
9419.87108246277,0.7835323246036047,1.65956407491222
9421.360302289399,0.08495166432055723,0.5749077456280567
9422.849522116026,1.9094268893310051,0.5689850854155117
9424.338741942654,2.38576414804001,1.5246958336044996
9425.827961769282,2.333563046595852,2.8507946220460805
9427.31718159591,2.134584686725457,4.265044996999109
9428.806401422538,2.2855978027355817,3.407295121468824
9430.295621249166,2.4707388827130443,2.7576866611989956
9431.784841075794,2.588434621344243,3.278603182469941
9433.274060902422,2.484372172834674,5.078918873889063
9434.76328072905,2.522561419867984,6.97096122245858
9436.252500555678,2.75912882595899,8.820856979241961
9437.741720382306,0.7459752234416173,4.290256915167243
9439.230940208934,0.29214913679777527,1.4469489490414684
9440.720160035564,1.2416588525603967,0.2127832329841372
9442.209379862192,2.51758150901696,0.08580781791376021
9443.69859968882,2.7788387172292426,0.08118602273487635
9445.187819515448,2.3523387508570472,0.509336789855974
9446.677039342076,1.6453018839771982,2.8693913085610574
9448.166259168704,1.3976689848017856,4.161886084580857
9449.655478995333,1.4294181968669224,4.720264430572023
9451.144698821961,1.711015726020867,4.419517242963871
9452.63391864859,1.8494456120202423,5.080554764947212
9454.123138475217,1.9993274963414809,5.568680054368945
9455.612358301845,2.269064212905374,5.0388883783062095
9457.101578128473,1.8683185307542969,2.2875288950040105
9458.590797955101,1.0355303573110837,0.3209888223843493
9460.08001778173,-0.29658736613761083,0.22211999478075128
9461.569237608357,0.9207098386202661,0.13441025866754597
9463.058457434985,1.8600083123046527,0.6961825796281446
9464.547677261613,2.2315806518314183,2.018571367723218
9466.036897088241,1.919643454811745,5.175560921367648
9467.526116914869,1.7068357491074473,6.961849128192561
9469.015336741497,1.5857587180009423,7.393569644992915
9470.504556568125,1.5173877635665998,5.83694957497083
9471.993776394755,1.5061851593396043,5.779344723316996
9473.482996221383,1.6655717286570337,6.273957499537234
9474.97221604801,2.6368318211851074,4.243733985584299
9476.461435874638,1.299778917693188,2.0646045643310837
9477.950655701266,-0.4542198025158515,0.27438567045738443
9479.439875527896,0.3400895751553107,0.20520794731641262
9480.929095354524,1.5040068132488025,0.19473005658232415
9482.418315181152,2.3380302023311903,0.42332412633230826
9483.90753500778,1.9947690966386518,1.2184259039687584
9485.396754834408,1.61327152382401,3.793862216350294
9486.885974661036,1.3931693855348914,6.373866397400277
9488.375194487664,1.490398945139512,8.203480549670337
9489.864414314292,1.8294962119617701,8.050313984075922
9491.35363414092,2.0014427271477886,7.795273792346648
9492.842853967548,1.8907680987026647,7.777778211679911
9494.332073794176,1.769021053249441,6.2885533797049025
9495.821293620804,1.8104589337295587,4.929704807574129
9497.310513447432,2.029854430626185,3.819652522228529
9498.79973327406,2.132025505423099,4.187700670228425
9500.288953100688,1.839050613182864,3.247834225302771
9501.778172927317,1.271253903537545,1.2970213325984978
9503.267392753945,1.4682507974790955,0.5978199228735196
9504.756612580573,1.6562569853324145,0.4774179546447811
9506.245832407201,1.780942104152376,0.9369079689941047
9507.73505223383,1.5356549031935112,2.6665252754269817
9509.224272060459,1.4584934886766923,6.322571778202431
9510.713491887087,1.5667971878256322,10.009159295382801
9512.202711713715,2.091279819620205,9.71731054103526
9513.691931540343,1.9348067013311097,8.81763443179594
9515.18115136697,1.7464489719542173,7.663342019332451
9516.670371193599,2.2523645283660008,6.453273685152914
9518.159591020227,1.8274945636829574,4.1946320012547815
9519.648810846855,1.1270663202767326,2.061149562095312
9521.138030673483,0.3929418370752441,0.869287875376195
9522.62725050011,0.7847990828026824,0.7069421386184828
9524.116470326739,1.5544301500312727,1.3392397303372412
9525.605690153367,2.602264732454271,3.01489270838581
9527.094909979995,1.8953408548596433,4.983187169608495
9528.584129806623,1.529645606105845,5.843788460303446
9530.07334963325,1.9397969592245325,5.102901814916506
9531.56256945988,2.066003580485165,4.744267188513017
9533.051789286508,1.9775137109671024,5.387105503032181
9534.541009113136,1.6680736906832905,7.121744922749585
9536.030228939764,1.5838665924042692,5.872428461477623
9537.519448766392,1.665944625509695,4.832721173999034
9539.008668593022,1.8833864982932198,4.078679350635875
9540.49788841965,1.7959652349803663,5.06814378274948
9541.987108246278,1.8513726712910847,6.360797122895913
9543.476328072906,1.962537446330649,7.64501188327945
9544.965547899534,1.6004512714721995,6.7339034429452544
9546.454767726162,1.3952725016712997,6.278534681257601
9547.94398755279,1.3505551017331763,6.243010607616508
9549.433207379418,1.682936330427365,7.035250531627761
9550.922427206046,1.5524447971103508,5.317511171838614
9552.411647032673,1.0198936168577442,2.68069539654743
9553.900866859301,-0.23076144891940675,1.3963966632435465
9555.39008668593,1.7255087697525573,0.7952776735162012
9556.879306512557,3.963196098500688,0.8717435397348733
9558.368526339185,3.014337571099148,2.2363754034815972
9559.857746165813,1.9354770317834977,3.7231602113293025
9561.346965992443,1.342581387916972,4.964265273815371
9562.836185819071,2.091038439904369,5.481647151549139
9564.325405645699,2.143137696130672,4.858747701482251
9565.814625472327,2.02080562800425,3.3148932512135207
9567.303845298955,1.892958146901779,0.4407656372483171
9568.793065125585,1.7653525639102154,0.04293325678015606
9570.282284952213,1.6068012145347748,0.1942404063899786
9571.77150477884,1.39440491444936,0.5203369810894283
9573.260724605469,1.676246081265454,2.8021044842056595
9574.749944432097,1.945538815381074,5.3030889330264825
9576.239164258724,2.1042011085577546,7.7609632614342745
9577.728384085352,1.8070346951507916,8.72883966103702
9579.21760391198,1.5673667160293887,8.636217999718527
9580.706823738608,1.4458191453061309,7.361106916342674
9582.196043565236,1.430142704140099,5.462185884512213
9583.685263391864,1.4702355377541898,5.113417508178104
9585.174483218492,1.5655986479255728,6.443911819172122
9586.66370304512,1.7712995436901404,7.509668880891495
9588.152922871748,1.9550448356446029,7.460128512535684
9589.642142698376,2.113075402697041,6.363153930278735
9591.131362525006,2.1211600874552192,4.867650115387351
9592.620582351634,2.117879497951371,4.100915357337
9594.109802178262,2.0717983616793165,4.00888217435541
9595.59902200489,1.5637105624116718,5.097279255689701
9597.088241831518,1.6269500963219259,6.119060942871409
9598.577461658148,2.0497024122529455,6.980066091829008
9600.066681484775,2.0863560257420217,6.852816627711267
9601.555901311403,1.9089673595081733,7.561900645940265
9603.045121138031,1.7046431521286443,8.478647443434362
9604.53434096466,2.184642738164193,7.383930956835388
9606.023560791287,2.1255313836072887,5.726626231670087
9607.512780617915,1.7866215697930752,3.817618056343397
9609.002000444543,1.5190927571902795,2.189420311851566
9610.491220271171,1.7454847502316984,1.8041023307522583
9611.9804400978,2.1185223348858067,2.4670497988114417
9613.469659924427,2.10853997018191,5.0346657084765765
9614.958879751055,1.9314860964647864,6.295785648546304
9616.448099577683,1.8282579462386999,6.792494172825297
9617.937319404311,2.239587780163036,6.48915495323387
9619.426539230939,1.969013957392109,5.068271107781329
9620.915759057567,1.4352076036036938,3.3279229707217346
9622.404978884197,0.8578310979321274,1.864664517468418
9623.894198710825,1.2849136329461692,1.4090748894384377
9625.383418537453,1.8765303146371688,1.7110998511755589
9626.87263836408,2.0347007530739556,3.2080143102080285
9628.361858190709,1.7505358510581985,4.635433345490368
9629.851078017338,1.599481585176923,5.660118738281546
9631.340297843966,2.071190574500416,5.759397890506408
9632.829517670594,1.942203945722963,6.436445928201264
9634.318737497222,1.7397614863979374,7.2515780753941455
9635.80795732385,1.7018541337455453,8.055976416900442
9637.297177150478,1.8617850552066924,7.221722873053246
9638.786396977106,1.9739072472091492,6.191953072254776
9640.275616803734,1.9055404036769505,5.477434607575437
9641.764836630362,1.7679020481097494,6.30601644456814
9643.25405645699,1.7444421306492717,6.9610016576589
9644.743276283618,1.9549537624044984,6.7620915798176355
9646.232496110246,1.9544485166537313,5.933030350100722
9647.721715936874,1.8770289053068656,5.4872752048272675
9649.210935763502,1.7257421031626012,5.868203669148867
9650.70015559013,1.3655162394376463,6.120292023614921
9652.18937541676,1.19532671854694,6.424539617577856
9653.678595243387,1.3759365801348609,6.8408905883781115
9655.167815070015,1.6525343917048563,6.255929690740061
9656.657034896643,1.673802483444163,5.863797133037689
9658.146254723271,1.2925558430635227,5.942373377078921
9659.635474549901,1.6495392484575273,5.824048781078779
9661.124694376529,1.767648914036408,5.594838267528238
9662.613914203157,1.4426107440751315,5.237589398434459
9664.103134029785,1.532363722108357,4.614675231705047
9665.592353856413,1.7165451515548997,4.453520579766059
9667.081573683041,1.978578337081302,4.944412225716433
9668.570793509669,1.8552515606817157,3.2428507872751977
9670.060013336297,1.6301256340165842,2.0986343054915095
9671.549233162925,1.3108735948831935,1.886838585463416
9673.038452989553,1.4034911719115915,2.537858224075074
9674.52767281618,1.3725612669667624,3.9302304467387956
9676.016892642809,1.154703314386234,6.176000953820983
9677.506112469437,1.2956343816759701,6.35309390417726
9678.995332296065,1.5238349868130399,5.569139095078202
9680.484552122693,1.835227291723029,3.751776740471721
9681.973771949322,1.7432358530687488,1.9868128052498466
9683.46299177595,1.572231113204392,0.9177075505792798
9684.952211602578,1.329040949447595,0.6678786071791061
9686.441431429206,2.118509756132638,1.893121047823432
9687.930651255834,2.201033579833341,3.8622281187452208
9689.419871082464,1.4170117320030604,6.627884725346571
9690.909090909092,1.4640736735223991,5.2558960589167985
9692.39831073572,1.7001715765147876,4.23269307707512
9693.887530562348,2.116910625353856,3.7642116951643185
9695.376750388976,2.25802337003942,4.937233485089943
9696.865970215604,2.207524040986895,5.2268152169240905
9698.355190042232,1.952505152977428,4.469454028562177
9699.84440986886,0.4572010766512351,2.2686992365616274
9701.333629695488,0.388786371490333,1.0214907016341814
9702.822849522116,1.955332611404521,0.8878686179827106
9704.312069348744,1.986877079623672,2.3825420715420806
9705.801289175371,1.7891775661618907,4.47858790818081
9707.290509002,1.3870502058235177,7.193511921352638
9708.779728828627,1.8031237449362698,8.052835611356763
9710.268948655255,2.0698750827439203,7.4519954071762164
9711.758168481885,2.141096057396971,5.259044877589022
9713.247388308513,1.8046405673937151,3.3587974805303205
9714.736608135141,1.8679511079796116,2.4756086280740246
9716.225827961769,2.4061065226354605,2.7511753250886706
9717.715047788397,2.5697115210165897,3.0200350976805743
9719.204267615027,2.4319561861222434,2.5085317739042154
9720.693487441655,1.9571072442495825,1.0828992262981871
9722.182707268283,1.9354241892845838,0.952832069567643
9723.67192709491,2.2831732843038113,1.32989479192582
9725.161146921539,3.0465624643436224,2.2431222164646214
9726.650366748167,2.224614755896165,3.7985781203274946
9728.139586574795,1.5408376472804155,5.336353791775772
9729.628806401422,1.1256567246660267,6.81228372086277
9731.11802622805,1.3415324080829458,6.753771546357836
9732.607246054678,1.4725616506324537,6.4672047996406
9734.096465881306,1.44688273118429,6.0086161234360285
9735.585685707934,1.5453800940108349,4.694363565030663
9737.074905534562,1.9076417799530268,3.057891579558846
9738.56412536119,2.6086506107727683,1.0748294889365582
9740.053345187818,1.8015962992311332,1.1749408724831425
9741.542565014448,1.3085261654789897,1.9025080642519074
9743.031784841076,1.4323027328083526,3.2588965539573547
9744.521004667704,2.125606882069013,4.074702465778063
9746.010224494332,2.493904512294501,4.069436620750079
9747.49944432096,2.3027461645701135,2.930560723462875
9748.98866414759,1.725507187755583,3.2307029035716344
9750.477883974218,1.4928391912378636,4.159969199664874
9751.967103800846,1.8695444664259748,5.822168509819873
9753.456323627473,1.9089147988534632,7.023703812263673
9754.945543454101,1.8450066421789142,7.597658840891693
9756.43476328073,1.6828703204675155,7.220587190565156
9757.923983107357,1.813781923142961,6.887465287421172
9759.413202933985,2.0103627044467265,6.653898452214528
9760.902422760613,2.243516918916521,6.586144610210501
9762.391642587241,2.2252867864230828,6.496838194174937
9763.88086241387,2.078803050854532,6.652969652198948
9765.370082240497,1.7711238059634253,7.29231379692486
9766.859302067125,1.5778241952921706,7.675779166049341
9768.348521893753,1.43071255917457,7.975242054599322
9769.837741720381,1.3313346787249436,8.208997071037485
9771.32696154701,1.4273519286651033,8.761981247986311
9772.816181373639,1.5606091447122048,8.956131231847834
9774.305401200267,1.6716098159629813,8.126313956328142
9775.794621026895,1.6569834619933828,8.060978210205963
9777.283840853523,1.6317950154944505,8.073035788293707
9778.773060680152,1.6676505730595044,7.748289742034168
9780.26228050678,1.9509643764539817,7.140270506388759
9781.751500333408,2.3183217783320713,6.668447883588452
9783.240720160036,2.7088869517762015,6.866549228810407
9784.729939986664,2.260657800514918,6.121179051211739
9786.219159813292,1.7525019151782135,5.127432030739659
9787.70837963992,2.058687987208067,4.424669658827341
9789.197599466548,1.8261399724038714,2.703832873046473
9790.686819293176,1.6003950185925553,0.8676472548269446
9792.176039119804,2.2671356354351784,0.20796221095597944
9793.665258946432,2.9348559396646547,0.16050838487024863
9795.15447877306,3.4460096562930462,0.4975551539373061
9796.643698599688,3.2009152516517254,1.328970100230236
9798.132918426316,2.2865465602899167,2.259494070170028
9799.622138252944,1.2669204835514711,2.957550087128248
9801.111358079572,1.743531310372072,1.9313860948433061
9802.600577906202,2.464443617984295,1.386584021613869
9804.08979773283,3.138350351062136,1.3721986469393976
9805.579017559457,2.244457858510595,3.302615093382456
9807.068237386085,1.6795897145680385,4.293994411385352
9808.557457212713,1.3770264851069585,4.561071994407023
9810.046677039343,1.543447642840877,3.7800567749689375
9811.535896865971,1.760684343839274,3.2575896400684
9813.0251166926,1.990373188427519,2.943368986472988
9814.514336519227,1.6188980015570849,2.787603664344676
9816.003556345855,1.3334130474326775,2.9977549893586737
9817.492776172483,1.1331110194551768,3.532674088884736
9818.981995999111,1.976413385472681,3.589487205881355
9820.471215825739,2.2544502289201804,3.8669670326380006
9821.960435652367,1.9461438412194396,4.373341811770231
9823.449655478995,1.6849618171499294,5.305053204603047
9824.938875305623,1.6931322322592781,5.733885385493688
9826.42809513225,2.025375609811135,5.541169954526542
9827.917314958879,2.205922910582817,4.713768771151783
9829.406534785507,2.1120841809239175,4.167063228541386
9830.895754612135,1.644668460242523,4.079845696212913
9832.384974438764,1.3253078331148045,4.696208478889784
9833.874194265392,1.5426543070441643,5.089211110707196
9835.36341409202,2.6321735481604023,4.968887789943009
9836.852633918648,2.118298656062823,5.394407991282552
9838.341853745276,1.5656371440193337,5.964380786236344
9839.831073571906,1.4776230730834692,6.636561286101201
9841.320293398534,1.4482311522487163,6.968599128252269
9842.809513225162,1.4295752169028084,7.071023907108624
9844.29873305179,1.4039930895055248,6.8074964835479435
9845.787952878418,1.875419104316371,5.754666319767161
9847.277172705046,2.0793827825897284,4.353414541805649
9848.766392531674,1.0042665448256844,2.619373216741842
9850.255612358302,0.43616982352545214,1.6249668318848483
9851.74483218493,0.24625753156115282,1.0152918501217552
9853.234052011558,0.7853472361066456,0.8031914906084817
9854.723271838186,1.2677137250448007,3.1080298495379126
9856.212491664814,1.6713207855223926,6.103348558289495
9857.701711491442,1.7881333181869428,6.321546412020554
9859.19093131807,1.8698760293622303,5.730985678568834
9860.680151144697,1.87554688791775,4.786185372378648
9862.169370971327,1.402475453530153,4.873468451682705
9863.658590797955,1.4605773241325661,3.0434515417729084
9865.147810624583,1.902421045971264,0.1327486892960859
9866.637030451211,2.345155598105775,2.62096606908349
9868.126250277839,2.582780203900885,3.1316905428212816
9869.615470104469,2.633131518100061,1.8856651759071943
9871.104689931097,1.7764848419528971,0.8720277959263076
9872.593909757725,0.6074646004216533,0.291269505483559
9874.083129584353,-0.9042719187839698,0.18543854055459905
9875.57234941098,1.6976653678998996,0.2550320709856137
9877.061569237609,2.883425575913073,0.7791529117446825
9878.550789064237,1.8557437120673588,1.9112889267155442
9880.040008890865,1.5930172861362601,4.2210522626230755
9881.529228717493,1.6359748358698483,5.753336042152763
9883.01844854412,2.054484557334314,5.718800403173029
9884.507668370748,2.0384161311378612,5.369349374891486
9885.996888197376,1.986803645743263,4.856752374356124
9887.486108024004,2.0364192554626293,4.118243860894356
9888.975327850632,1.907100378025807,4.087926562641735
9890.46454767726,1.9006196164670603,4.140837669713546
9891.95376750389,2.3937901557230354,3.8692892713624576
9893.442987330518,2.0888110224247303,3.018938416332585
9894.932207157146,1.529623510688946,2.006322237610477
9896.421426983774,1.1680604023591363,1.2269662026887826
9897.910646810402,1.313994667329946,0.9811164982810623
9899.399866637032,1.6598664395895137,1.1802292130476701
9900.88908646366,1.649040296270754,2.49532334120916
9902.378306290288,1.6782418889590058,3.7462335279674566
9903.867526116916,1.7449050459858122,4.9065041351971885
9905.356745943544,1.956502910124493,5.4499886104976305
9906.845965770171,1.8285767613561452,5.621441964709841
9908.3351855968,1.4242350577965475,5.476955744309276
9909.824405423427,1.854424268334645,4.9523672609453335
9911.313625250055,1.3172845375597413,3.2178359692246135
9912.802845076683,-0.2700799765435833,0.1696750605528674
9914.292064903311,-1.8612636287345066,0.18235523880401813
9915.78128472994,-0.6496640538558065,0.25104339615350335
9917.270504556567,4.543431159717162,0.14300624707405946
9918.759724383195,3.718759950651404,0.2977131249732101
9920.248944209823,2.330954618810759,1.1132782253209168
9921.738164036453,1.4584293196128921,3.1080245539156772
9923.22738386308,1.4473927922713274,4.290044470237151
9924.716603689709,1.5364475649306535,4.953315664494707
9926.205823516337,1.372207648545751,4.749421531113459
9927.695043342965,1.6549025062985157,5.288287064531156
9929.184263169594,1.9403901199848963,5.77260722664111
9930.673482996222,1.6477963436796095,5.069492903808414
9932.16270282285,1.5777268614020474,4.88453566225989
9933.651922649478,1.6236986363100987,4.922606460889446
9935.141142476106,1.720854887600377,4.778750971501444
9936.630362302734,1.7929154812931642,4.8433361305425215
9938.119582129362,1.8431734633556205,4.925624194018144
9939.60880195599,1.8212922629907307,3.314560645279291
9941.098021782618,1.6904162698032137,1.9392329988508785
9942.587241609246,1.4618989088494274,0.7750859603075118
9944.076461435874,1.2883584744511423,0.3531701571852925
9945.565681262502,1.8066466639504501,0.14106411868589602
9947.05490108913,3.1631974150133884,0.17580933045831876
9948.544120915758,2.6904013016144064,0.14888740453461208
9950.033340742386,2.126774560571952,0.16669361055746745
9951.522560569016,1.6901505510242518,0.26814639258235773
9953.011780395644,2.4324341434891337,0.9488360092003838
9954.501000222272,2.9675201679936216,1.3409164557346538
9955.9902200489,2.4982826463816252,0.8070909694258509
9957.479439875528,0.22187665600384898,0.46843144381728835
9958.968659702155,-1.1020796515023759,0.2594607854939386
9960.457879528785,2.9045555452955067,0.2886481491063416
9961.947099355413,4.261635124333495,0.0
9963.436319182041,4.08057899073604,0.0
9964.92553900867,2.1356126358277425,0.0
9966.414758835297,1.2927486009986857,0.0
9967.903978661925,1.2288855129449732,0.0
9969.393198488553,1.7931627870463673,0.0
9970.882418315181,2.2483541805221803,0.0
9972.371638141809,2.6024843561450846,0.0
9973.860857968437,2.6895944453923413,0.0
9975.350077795065,2.650738619562868,0.0
9976.839297621693,2.457051950516769,0.0
9978.32851744832,2.2281603629626994,0.0
9979.817737274949,1.9796513132157747,0.0
9981.306957101577,1.7026136344445655,0.0
9982.796176928206,1.4703359427575706,0.0
9984.285396754834,1.472850333538977,0.0
9985.774616581462,2.10450912174214,0.0
9987.26383640809,2.1293700127985256,0.0
9988.753056234718,1.9456730066222927,0.0
9990.242276061348,1.8915482476465646,3.6350900154692978
9991.731495887976,2.0400937741748453,3.436631113556898
9993.220715714604,2.2796273243613547,3.26830699048723
9994.709935541232,2.215417779025045,3.5280967440939266
9996.19915536786,1.9042590188511896,3.5878523410802647
9997.688375194488,1.3824338606076219,3.4769636572393043
9999.177595021116,1.79257196935869,2.7170759085479017
10000.666814847744,2.1254137440982466,2.0126444841920907
10002.156034674372,2.353727235373249,1.3830130309311657
10003.645254501,2.2175921073347276,1.4201771955062386
10005.134474327628,2.061668806274055,1.7313244853178213
10006.623694154256,1.9432862640482642,2.400479893790563
10008.112913980884,2.1607424835562816,2.3732146664533977
10009.602133807512,2.435632042232933,1.88878286833486
10011.09135363414,2.6480564806390943,0.5687143821461367
10012.58057346077,1.9731620270750585,0.12727420623787666
10014.069793287397,1.1939827637529088,0.066847456295556
10015.559013114025,1.7167810907015366,0.11049367827062108
10017.048232940653,2.148524554788627,0.25295425560057083
10018.537452767281,2.518563333227594,0.4857433319828305
10020.026672593911,2.8176383767155353,1.1308173087048194
10021.515892420539,2.919515149826793,1.5165341176796423
10023.005112247167,2.8399806162161956,1.66365693655773
10024.494332073795,1.8365505341896537,1.0538378423669776
10025.983551900423,1.3166696783913812,0.6258156682575309
10027.47277172705,1.51321442857488,0.48524772445598807
10028.961991553679,0.8710587096229794,0.5983304731928978
10030.451211380307,0.5737062523968488,0.9321590669792885
10031.940431206935,1.2901228997891316,1.652045160443171
10033.429651033563,1.8386342318668059,2.1735734586492415
10034.91887086019,2.1846659880579384,2.520061810337832
10036.408090686818,1.9717357921847953,2.4431824146644714
10037.897310513446,2.1970909505887124,2.4165965595571812
10039.386530340074,2.465468527707841,2.4183709160455993
10040.875750166702,1.3477660510492264,2.4455743283253972
10042.364969993332,1.423667234000325,2.1012367254163413
10043.85418981996,2.439907960113162,1.463126879993527
10045.343409646588,1.630774214394929,1.047557923722535
10046.832629473216,0.9473290462244348,0.9446615863357778
10048.321849299844,0.41413347661335254,1.2155380602276364
10049.811069126474,1.085648035941142,1.843610009940229
10051.300288953102,1.6079092174264944,2.447147692872964
10052.78950877973,1.5902736316933261,2.9282205294957238
10054.278728606358,1.908285251778925,3.1157639858733477
10055.767948432986,2.144660173281559,3.0949453374672897
10057.257168259614,1.843488358885171,2.6499533286349095
10058.746388086241,1.8107535497452723,2.033032016766426
10060.23560791287,1.8057811991415191,1.3581621132872128
10061.724827739497,1.1087896240037463,0.8430431068808595
10063.214047566125,0.29270881812144645,0.5911471703597995
10064.703267392753,-0.5862290192466826,0.5416921063978303
10066.192487219381,0.2087046385806388,0.9131850905342256
10067.68170704601,0.6593513840966333,1.159374532993856
10069.170926872637,0.7010958616864518,1.2567435747870035
10070.660146699265,1.102238030579874,1.143842196816435
10072.149366525895,1.3212283029998961,1.030124429931813
10073.638586352523,1.1254774395866698,0.9562618483676973
10075.12780617915,1.1617215223247928,1.233799654845736
10076.617026005779,1.4688066446219095,1.4995526163021609
10078.106245832407,2.485020411857265,1.400517244457867
10079.595465659037,3.1486064639648355,1.0730466817790814
10081.084685485665,3.3773952957957385,0.648370448316286
10082.573905312292,1.5376754919788467,0.3278684064468317
10084.06312513892,0.5395216828031608,0.19924452533619041
10085.552344965548,0.22281897996762262,0.22599244854890468
10087.041564792176,1.316874312384012,0.36524664573439874
10088.530784618804,2.0246307157017798,0.7244028462718982
10090.020004445432,2.231997246571551,1.366549860666743
10091.50922427206,1.8692374216662868,1.607628869866029
10092.998444098688,1.751566438197298,1.775728091395528
10094.487663925316,2.3524758115117717,1.9092273583780939
10095.976883751944,1.8325258825718538,2.041202896725859
10097.466103578572,1.1386147148156591,2.0918378592885203
10098.9553234052,1.21894555402694,1.8057850886193474
10100.444543231828,1.4840904619420974,1.4399906731584333
10101.933763058458,1.7707867419313827,1.0391296160474137
10103.422982885086,0.9741714421906792,0.7842415446000921
10104.912202711714,0.3061118426324592,0.5307954249425908
10106.401422538342,-0.23822778907830322,0.27873705220977074
10107.89064236497,1.3617852078775505,0.5489672685771261
10109.3798621916,2.4322146967493072,0.9833244862970112
10110.869082018227,2.436244823618732,1.6355279323684866
10112.358301844855,2.208741938707491,1.7212403038974498
10113.847521671483,1.8377760091002842,1.7623068468293568
10115.336741498111,1.1967029110257905,2.0283799451556157
10116.82596132474,0.9207226235591475,1.8332522653824186
10118.315181151367,0.9898263981319558,1.479444564343864
10119.804400977995,2.2584411687565398,1.4392068322497042
10121.293620804623,3.0731571576706105,1.1087450587569787
10122.782840631251,3.538471558266732,0.5548750133151492
10124.272060457879,-1.7009980513835208,0.2453554446815821
10125.761280284507,-3.3681510987027776,0.0761299254978742
10127.250500111135,-0.29353661795258557,0.0917531552844703
10128.739719937763,1.747841124455156,0.2836349122153935
10130.22893976439,2.9708002756057335,0.5730747633470064
10131.718159591019,2.656960713479464,1.027444156052514
10133.207379417649,2.4618625062417996,1.1152963655681511
10134.696599244277,2.271976920109778,1.082940806728588
10136.185819070904,1.8993810824525161,1.1133910466916273
10137.675038897532,1.5646540313259476,1.195191565732646
10139.16425872416,1.2943642285653305,1.3066814161683575
10140.65347855079,2.184005082988257,1.2963361950030592
10142.142698377418,2.632094249758724,1.1876975013113893
10143.631918204046,2.5681491891036576,0.9650752517006196
10145.121138030674,2.2141566194649527,0.9569622705535916
10146.610357857302,2.0050758226365515,0.920152030007436
10148.09957768393,2.15561083453614,0.7768183089684502
10149.588797510558,2.079833982281113,0.7341737345375254
10151.078017337186,1.7200694737081108,0.6913630505755327
10152.567237163814,0.4833960465873064,0.5153729664485616
10154.056456990442,0.32752345054505655,0.3971115976908124
10155.54567681707,0.8483099229517359,0.3173272963615647
10157.034896643698,1.7876898306605544,0.3039417718027202
10158.524116470326,2.363175535448569,0.3609790661472517
10160.013336296954,2.541023880491147,0.4949693557032856
10161.502556123582,2.2874258686936195,0.5673457810056157
10162.991775950211,2.150824429103761,0.6455481767955444
10164.48099577684,2.3224010242789777,0.7465806260108317
10165.970215603467,2.6993455325838354,0.6564569708172693
10167.459435430095,3.376938781368016,0.532305921225589
10168.948655256723,5.007683177034032,0.5063680898373467
10170.437875083353,3.7123994789679173,0.35932970845251355
10171.927094909981,0.6819860639152145,0.14917432461975785
10173.416314736609,-1.9860982081795484,0.11900674940047934
10174.905534563237,-2.219890426594713,0.12216797710708205
10176.394754389865,0.23041460476785636,0.16207817681768671
10177.883974216493,3.3802184581641184,0.2624532717324127
10179.37319404312,4.3293131228814925,0.4062976675506461
10180.862413869749,0.7054972056762896,0.6252621129932102
10182.351633696377,1.1901099550297836,0.5798587983996553
10183.840853523005,2.9234052576625005,0.4716022405699367
10185.330073349633,4.284924952123128,0.4674945606439259
10186.81929317626,4.3143801876938,0.47786895198386226
10188.308513002889,3.5046725800855745,0.4918774223212416
10189.797732829516,3.090823922632334,0.3359491509111932
10191.286952656144,3.291031944264236,0.2155618526560112
10192.776172482774,4.226793015385827,0.13774760121974206
10194.265392309402,2.8916977116390505,0.2546266870765943
10195.75461213603,1.6711819034524202,0.422281711912949
10197.243831962658,1.383102197280894,0.6473958228604249
10198.733051789286,1.8893920127123907,0.7424084755448269
10200.222271615916,2.498778201146431,0.7587623830898382
10201.711491442544,1.9839094660187673,0.6034672571832428
10203.200711269172,1.5787956591065175,0.452984210779843
10204.6899310958,1.2544410195518918,0.306041960920615
10206.179150922428,4.0302112074515115,0.2570763220888545
10207.668370749056,5.754736077988592,0.20680122342754848
10209.157590575684,5.9918217573296255,0.1541954899501029
10210.646810402312,6.226407241591093,0.10020589346744563
10212.13603022894,5.962615117099938,0.06333013234853205
10213.625250055567,4.299887481124489,0.07525857371706918
10215.114469882195,2.928413188051978,0.1598174976584421
10216.603689708823,1.8811293762191346,0.2887401440978326
10218.092909535451,2.530267964439712,0.5116177911324755
10219.58212936208,3.163627725834343,0.6232208051609424
10221.071349188707,3.782729943742119,0.6342779481709132
10222.560569015337,3.7519107630673294,0.5557826634088592
10224.049788841965,3.6814811169620794,0.4467462687304317
10225.539008668593,3.6104857204360625,0.29303928251760863
10227.02822849522,0.6574462889268582,0.19918684771971362
10228.517448321849,-2.296602131784013,0.13160405564082633
10230.006668148479,-2.1190767893655282,0.10317733929775966
10231.495887975107,0.129925770217588,0.14755230062715163
10232.985107801735,3.4692992872562853,0.2342696910919551
10234.474327628363,1.2220316794873152,0.24146457843191044
10235.96354745499,0.3235449444654461,0.32817675559707293
10237.452767281618,1.032896032888961,0.509678888217908
10238.941987108246,1.143776927003014,0.4478897296602964
10240.431206934874,1.2578668095377685,0.39297640816183266
10241.920426761502,1.5991990866017867,0.4443323663620376
10243.40964658813,1.5975935471235803,0.4742799962549283
10244.898866414758,1.4014268011014477,0.5095261501265401
10246.388086241386,0.8212716584479757,0.6460406223632608
10247.877306068014,0.8733705500418225,0.671450308697173
10249.366525894642,1.4728193936100418,0.6006752476496195
10250.85574572127,2.095467098255603,0.572747633468289
10252.3449655479,2.290466485032508,0.5544778044172815
10253.834185374528,1.7552065657165654,0.5487363415092478
10255.323405201156,1.9213533866898076,0.5214040659752416
10256.812625027784,2.2414029739482184,0.4929036705951421
10258.301844854412,2.3907208148511314,0.4844703337630022
10259.791064681041,2.3039656653569707,0.5333383271405345
10261.28028450767,2.095205030775966,0.6142315132891338
10262.769504334297,2.8965412661283474,0.541787936366622
10264.258724160925,3.155540895949608,0.4773554945426611
10265.747943987553,2.7149481848575334,0.42325709859937044
10267.237163814181,2.4552587452363306,0.3998549784719644
10268.72638364081,2.322937948684788,0.376725160550331
10270.215603467437,2.4527278726585067,0.33902244316983465
10271.704823294065,2.5747613451438154,0.3023499259461865
10273.194043120693,2.696635968940682,0.2686748983497692
10274.683262947321,2.8569302181473444,0.26191582835606225
10276.172482773949,3.170299387365979,0.2691616531745506
10277.661702600577,3.635885895287805,0.29033391431792
10279.150922427205,4.145099676638332,0.34889170340527575
10280.640142253833,5.417959221917082,0.36617014955363364
10282.129362080463,8.311686019547725,0.28749715229585926
10283.61858190709,9.617798115087588,0.1917505066971663
10285.107801733719,9.476532604564508,0.09830147268766809
10286.597021560347,4.2061193215606725,0.05713685698505458
10288.086241386975,-0.36086412329601103,0.03315017639817093
10289.575461213604,-4.353202212693262,0.0231964950840174
10291.064681040232,0.9344061338505796,0.028782529618043947
10292.55390086686,3.800642444810987,0.056536454228729924
10294.043120693488,1.8588325526337464,0.12064316043813171
10295.532340520116,0.7286803491696802,0.1308456449953601
10297.021560346744,-0.137822685341135,0.11796992371363309
10298.510780173372,-0.8630771177049114,0.07096235685957583
10300.0,-0.3764071346959099,0.06504355816196039
